1499
2 0 1.03807e-15 0
3 0 8.18543e-16 0
4 0 1.19083e-15 0
5 0 4.72544e-16 0
6 0 2.67224e-16 0
7 0 4.63691e-16 0
8 0 9.36091e-16 0
9 0 1.80123e-14 0
10 0 2.58359e-16 0
12 0 5.12308e-15 0
13 0 3.75171e-16 0
14 0 3.69102e-16 0
17 0 1.07787e-15 0
18 0 4.33085e-16 0
20 0 6.53153e-15 0
23 0 3.75171e-16 0
24 0 2.9593e-15 0
25 0 9.30416e-16 0
27 0 4.68412e-16 0
29 0 4.2419e-15 0
30 0 4.50461e-16 0
31 0 3.51809e-16 0
32 0 6.96194e-16 0
35 0 4.49832e-16 0
36 0 1.13123e-14 0
37 0 2.71055e-15 0
39 0 5.41478e-16 0
42 0 4.19493e-16 0
43 0 4.76467e-16 0
46 0 2.32815e-15 0
48 0 3.2747e-15 0
51 0 3.75171e-16 0
53 0 1.35923e-16 0
57 0 2.35958e-16 0
58 0 3.21925e-15 0
60 0 1.98105e-14 0
61 0 9.2801e-16 0
62 0 3.23031e-16 0
63 0 6.23638e-15 0
64 0 7.11611e-16 0
68 0 3.9395e-16 0
69 0 7.97149e-16 0
70 0 2.4665e-14 0
72 0 1.08272e-15 0
73 0 1.05129e-15 0
74 0 5.80225e-16 0
75 0 1.79937e-16 0
78 0 6.18948e-16 0
80 0 2.74155e-16 0
81 0 7.71787e-16 0
82 0 1.17333e-15 0
83 0 1.20181e-15 0
84 0 1.15101e-14 0
86 0 2.68515e-15 0
88 0 1.22344e-15 0
89 0 6.89719e-16 0
91 0 5.19106e-16 0
92 0 6.86224e-16 0
93 0 3.75171e-16 0
94 0 3.75171e-16 0
98 0 1.68299e-15 0
100 0 3.36894e-15 0
101 0 7.1717e-15 0
103 0 2.41297e-15 0
104 0 1.33757e-14 0
106 0 8.77997e-16 0
107 0 7.74279e-16 0
108 0 7.36151e-16 0
111 0 2.30159e-15 0
113 0 2.82213e-16 0
114 0 1.05874e-14 0
116 0 7.30999e-15 0
117 0 5.13835e-15 0
119 0 3.61214e-15 0
121 0 4.01374e-14 0
122 0 2.14665e-14 0
124 0 2.74617e-16 0
125 0 1.89892e-15 0
126 0 2.55297e-15 0
127 0 3.75171e-16 0
128 0 2.58359e-16 0
130 0 2.35911e-15 0
132 0 5.80225e-16 0
133 0 1.17693e-14 0
134 0 2.49268e-15 0
136 0 4.84075e-15 0
138 0 3.9395e-16 0
139 0 3.33716e-15 0
140 0 2.32786e-15 0
141 0 4.20764e-15 0
142 0 4.37624e-15 0
143 0 1.35923e-16 0
145 0 1.35923e-16 0
146 0 2.45972e-15 0
149 0 3.75171e-16 0
150 0 1.1271e-15 0
152 0 6.00315e-16 0
155 0 6.00315e-16 0
158 0 7.26437e-15 0
159 0 2.70444e-14 0
160 0 4.33085e-16 0
161 0 1.17333e-15 0
164 0 3.19554e-16 0
167 0 1.53881e-15 0
169 0 3.10112e-15 0
171 0 3.88964e-16 0
172 0 6.25894e-16 0
174 0 1.35923e-16 0
176 0 7.80486e-16 0
178 0 5.96778e-15 0
179 0 9.61005e-16 0
180 0 3.92848e-15 0
181 0 1.79937e-16 0
185 0 1.79937e-16 0
186 0 9.51466e-15 0
187 0 3.52311e-16 0
188 0 2.50046e-14 0
190 0 8.50344e-16 0
191 0 3.9395e-16 0
192 0 3.16976e-15 0
193 0 5.13205e-16 0
194 0 6.68432e-16 0
197 0 8.71286e-16 0
198 0 2.41798e-15 0
200 0 8.75576e-16 0
201 0 3.71858e-16 0
204 0 3.44321e-15 0
205 0 3.3926e-15 0
206 0 1.79937e-16 0
207 0 3.75171e-16 0
212 0 1.35923e-16 0
219 0 2.5367e-16 0
223 0 4.50334e-16 0
224 0 4.60833e-16 0
225 0 3.49472e-15 0
227 0 2.94107e-16 0
230 0 8.49729e-16 0
231 0 3.71858e-16 0
232 0 3.9395e-16 0
234 0 3.69712e-15 0
235 0 2.89812e-15 0
236 0 1.099e-15 0
237 0 1.79937e-16 0
238 0 8.12935e-16 0
241 0 3.26921e-16 0
242 0 4.42472e-16 0
243 0 1.79937e-16 0
244 0 1.12198e-15 0
246 0 3.12367e-15 0
247 0 2.63284e-16 0
251 0 1.35923e-16 0
252 0 3.19554e-16 0
253 0 6.04623e-16 0
255 0 1.35923e-16 0
256 0 2.67224e-16 0
257 0 1.03972e-15 0
260 0 3.2384e-15 0
261 0 1.10817e-15 0
262 0 1.78371e-14 0
263 0 2.36819e-16 0
265 0 2.69602e-14 0
267 0 3.24209e-16 0
269 0 1.35923e-16 0
274 0 1.35923e-16 0
275 0 1.41605e-15 0
276 0 1.10817e-15 0
278 0 7.74279e-16 0
279 0 4.58705e-16 0
281 0 4.31858e-15 0
282 0 8.39503e-16 0
283 0 9.01459e-16 0
288 0 3.75171e-16 0
291 0 5.17212e-16 0
292 0 6.15224e-16 0
293 0 3.75171e-16 0
294 0 2.14326e-14 0
296 0 5.80225e-16 0
297 0 1.24362e-15 0
300 0 3.9395e-16 0
301 0 2.74225e-16 0
304 0 4.24163e-16 0
305 0 2.42833e-16 0
307 0 1.38925e-15 0
308 0 3.65823e-16 0
311 0 1.35923e-16 0
312 0 2.02698e-14 0
313 0 2.30768e-14 0
314 0 2.69564e-16 0
315 0 1.17333e-15 0
316 0 1.91931e-14 0
317 0 3.9395e-16 0
318 0 1.089e-15 0
319 0 6.05076e-16 0
321 0 2.31233e-16 0
322 0 8.31027e-16 0
326 0 3.19492e-15 0
329 0 2.56231e-14 0
330 0 1.35923e-16 0
331 0 3.2829e-16 0
332 0 4.19493e-16 0
336 0 4.34828e-15 0
337 0 1.89049e-14 0
339 0 3.81044e-16 0
340 0 7.16273e-16 0
342 0 3.49282e-15 0
343 0 7.19892e-16 0
344 0 3.96441e-15 0
348 0 3.35374e-15 0
350 0 2.74617e-16 0
351 0 5.08872e-16 0
354 0 6.05547e-16 0
355 0 2.59736e-16 0
356 0 9.8394e-16 0
358 0 8.42423e-16 0
359 0 4.93319e-16 0
362 0 6.72184e-16 0
363 0 5.80225e-16 0
364 0 1.79937e-16 0
366 0 5.01914e-16 0
367 0 9.97905e-16 0
368 0 2.26352e-14 0
369 0 1.79937e-16 0
370 0 2.28474e-15 0
372 0 5.25609e-16 0
374 0 1.79937e-16 0
375 0 4.62321e-15 0
376 0 2.5367e-16 0
377 0 4.03409e-15 0
379 0 1.13484e-14 0
380 0 1.88228e-16 0
381 0 6.19738e-15 0
382 0 2.21461e-14 0
383 0 1.17333e-15 0
384 0 2.16706e-15 0
385 0 8.77997e-16 0
386 0 9.15183e-16 0
387 0 3.75171e-16 0
389 0 3.84735e-15 0
391 0 3.36881e-15 0
393 0 6.97869e-15 0
395 0 3.9395e-16 0
397 0 1.79937e-16 0
398 0 5.05916e-15 0
399 0 2.89249e-16 0
400 0 4.19363e-15 0
401 0 1.79937e-16 0
404 0 1.20024e-14 0
406 0 3.9395e-16 0
409 0 8.94922e-16 0
410 0 1.73987e-14 0
412 0 1.03676e-15 0
413 0 4.94367e-16 0
415 0 4.61485e-16 0
418 0 7.39272e-15 0
422 0 3.9395e-16 0
423 0 6.24721e-16 0
424 0 9.78314e-15 0
427 0 5.80225e-16 0
428 0 2.25903e-15 0
429 0 3.46136e-15 0
433 0 2.42219e-15 0
434 0 5.80225e-16 0
436 0 1.11604e-15 0
437 0 2.42833e-16 0
438 0 5.86341e-15 0
442 0 2.30462e-16 0
444 0 7.80224e-16 0
445 0 3.75171e-16 0
446 0 4.32769e-16 0
448 0 2.4727e-15 0
449 0 4.96323e-16 0
450 0 3.19554e-16 0
451 0 2.90043e-16 0
452 0 1.26684e-15 0
453 0 2.74225e-16 0
454 0 3.75171e-16 0
455 0 4.66041e-16 0
458 0 5.61786e-16 0
459 0 4.3809e-15 0
460 0 8.50344e-16 0
461 0 3.71858e-16 0
462 0 4.1661e-15 0
463 0 6.59633e-15 0
466 0 3.80781e-16 0
467 0 6.16742e-15 0
468 0 2.36215e-14 0
469 0 7.54232e-16 0
470 0 8.5133e-16 0
475 0 6.23595e-15 0
477 0 3.71858e-16 0
478 0 3.38759e-14 0
479 0 1.26915e-15 0
480 0 9.39708e-16 0
482 0 4.3277e-16 0
483 0 6.77794e-15 0
484 0 1.34138e-14 0
486 0 1.12452e-15 0
491 0 6.4502e-16 0
494 0 9.60052e-16 0
495 0 5.80225e-16 0
497 0 1.39155e-15 0
498 0 3.18555e-15 0
499 0 2.58111e-15 0
501 0 1.09167e-14 0
503 0 3.26119e-15 0
505 0 8.33816e-15 0
506 0 9.54898e-15 0
507 0 1.21574e-15 0
510 0 1.79937e-16 0
512 0 3.09493e-15 0
513 0 2.90043e-16 0
514 0 1.97776e-14 0
517 0 1.36391e-15 0
518 0 4.51908e-14 0
520 0 1.35923e-16 0
521 0 3.88964e-16 0
522 0 8.47662e-16 0
523 0 8.69334e-16 0
524 0 1.79937e-16 0
525 0 4.12783e-15 0
528 0 2.50282e-15 0
529 0 9.3239e-15 0
531 0 1.35923e-16 0
533 0 6.60623e-16 0
534 0 2.92469e-16 0
535 0 2.88309e-16 0
536 0 4.64639e-16 0
537 0 1.38675e-15 0
538 0 3.75171e-16 0
545 0 5.73374e-15 0
546 0 1.35923e-16 0
547 0 1.35923e-16 0
548 0 1.79937e-16 0
549 0 3.02462e-16 0
550 0 2.85225e-14 0
551 0 3.85511e-16 0
552 0 2.46533e-15 0
553 0 8.3113e-16 0
554 0 3.68355e-15 0
555 0 1.70609e-14 0
556 0 3.26921e-16 0
557 0 8.69796e-16 0
561 0 2.92948e-15 0
563 0 4.14053e-15 0
565 0 3.82187e-15 0
566 0 3.93175e-14 0
567 0 3.88713e-15 0
568 0 5.49545e-15 0
571 0 2.56562e-14 0
574 0 1.35923e-16 0
575 0 8.49956e-16 0
576 0 5.80225e-16 0
577 0 3.75171e-16 0
580 0 4.49832e-16 0
581 0 6.40883e-16 0
582 0 3.24209e-16 0
583 0 1.28675e-15 0
584 0 4.24231e-16 0
585 0 1.17244e-15 0
586 0 2.14142e-15 0
587 0 9.02081e-16 0
588 0 2.43612e-15 0
589 0 6.80554e-16 0
590 0 1.33833e-15 0
596 0 3.80465e-16 0
603 0 1.79937e-16 0
604 0 6.60121e-15 0
605 0 6.68432e-16 0
606 0 2.05318e-14 0
607 0 4.91179e-15 0
608 0 2.27837e-15 0
609 0 3.59771e-16 0
612 0 4.8485e-16 0
613 0 3.75171e-16 0
617 0 3.75171e-16 0
619 0 1.11109e-15 0
620 0 2.42323e-15 0
622 0 1.23925e-14 0
623 0 1.08703e-15 0
625 0 6.96291e-16 0
626 0 1.089e-15 0
628 0 3.80149e-16 0
629 0 1.60254e-15 0
631 0 5.02954e-16 0
632 0 1.26859e-15 0
634 0 6.83585e-15 0
635 0 4.33318e-16 0
636 0 4.3277e-16 0
637 0 6.43109e-16 0
638 0 4.29081e-15 0
639 0 3.75171e-16 0
640 0 1.79937e-16 0
641 0 2.3161e-15 0
642 0 3.9395e-16 0
643 0 4.63691e-16 0
644 0 5.30574e-16 0
645 0 1.07475e-15 0
646 0 9.57421e-16 0
647 0 2.19373e-15 0
650 0 3.83676e-15 0
651 0 3.75171e-16 0
653 0 4.2664e-15 0
654 0 8.43617e-16 0
657 0 6.26591e-15 0
660 0 2.28689e-15 0
661 0 2.40128e-14 0
662 0 3.27527e-16 0
663 0 4.43177e-15 0
664 0 1.41632e-14 0
665 0 3.19554e-16 0
667 0 5.92832e-15 0
669 0 3.45304e-16 0
670 0 1.05129e-15 0
671 0 7.71405e-15 0
672 0 2.32675e-15 0
673 0 1.38637e-15 0
674 0 1.9751e-14 0
676 0 4.24144e-16 0
677 0 5.84199e-15 0
678 0 5.0907e-16 0
682 0 7.43407e-16 0
684 0 6.75288e-16 0
685 0 9.46939e-16 0
686 0 2.74225e-16 0
687 0 2.51558e-15 0
688 0 3.9398e-16 0
689 0 1.70575e-14 0
690 0 5.15895e-16 0
691 0 5.80225e-16 0
692 0 4.94354e-15 0
693 0 1.03972e-15 0
694 0 5.70767e-15 0
695 0 3.75171e-16 0
697 0 5.71775e-15 0
698 0 1.01858e-14 0
699 0 2.7554e-16 0
701 0 1.92805e-16 0
702 0 1.12973e-15 0
703 0 6.67654e-16 0
704 0 1.82181e-14 0
705 0 1.29446e-15 0
706 0 1.79937e-16 0
707 0 1.19361e-15 0
708 0 5.08317e-15 0
709 0 5.81518e-15 0
713 0 9.03588e-15 0
716 0 3.75171e-16 0
717 0 2.58359e-16 0
718 0 9.77291e-16 0
720 0 3.24209e-16 0
721 0 3.75171e-16 0
722 0 4.33085e-16 0
723 0 5.80225e-16 0
724 0 1.47503e-14 0
725 0 2.90043e-16 0
727 0 5.31388e-16 0
728 0 3.9395e-16 0
730 0 9.39237e-16 0
731 0 6.23939e-16 0
732 0 2.33907e-15 0
734 0 2.90043e-16 0
736 0 3.75171e-16 0
738 0 3.41683e-16 0
739 0 1.14099e-15 0
740 0 2.08211e-14 0
743 0 7.05187e-16 0
744 0 3.875e-15 0
745 0 3.55881e-15 0
746 0 4.05852e-15 0
749 0 3.75171e-16 0
750 0 3.75171e-16 0
753 0 2.74617e-16 0
756 0 4.7667e-16 0
757 0 5.82669e-15 0
758 0 1.79937e-16 0
762 0 6.4502e-16 0
763 0 1.35625e-14 0
765 0 6.92872e-16 0
766 0 1.17244e-15 0
767 0 3.75171e-16 0
768 0 1.35923e-16 0
769 0 1.17145e-15 0
770 0 6.07252e-16 0
771 0 1.07676e-15 0
772 0 7.71787e-16 0
773 0 2.41187e-14 0
774 0 2.58359e-16 0
775 0 5.70311e-15 0
777 0 5.80225e-16 0
778 0 1.35923e-16 0
779 0 4.49028e-15 0
784 0 3.28633e-16 0
789 0 2.40044e-15 0
791 0 3.47423e-15 0
792 0 6.38741e-16 0
793 0 1.79937e-16 0
794 0 8.11593e-16 0
798 0 4.5646e-16 0
800 0 4.99484e-15 0
801 0 7.55086e-15 0
802 0 5.80225e-16 0
803 0 4.2874e-16 0
804 0 6.70922e-16 0
805 0 2.10183e-16 0
806 0 1.31562e-15 0
809 0 1.79937e-16 0
810 0 2.11682e-15 0
812 0 6.37003e-16 0
813 0 2.74225e-16 0
815 0 1.35923e-16 0
818 0 1.16353e-15 0
820 0 3.27275e-15 0
821 0 6.18573e-15 0
822 0 2.27873e-14 0
825 0 5.91193e-15 0
826 0 8.94059e-16 0
828 0 3.11859e-15 0
832 0 1.44771e-14 0
836 0 7.17234e-15 0
837 0 7.43354e-16 0
838 0 1.05213e-15 0
840 0 5.80225e-16 0
841 0 1.35923e-16 0
844 0 4.24163e-16 0
848 0 5.52183e-15 0
851 0 8.96088e-16 0
852 0 4.33085e-16 0
853 0 3.95087e-15 0
854 0 4.61504e-16 0
855 0 7.95481e-16 0
856 0 1.33085e-15 0
858 0 3.71858e-16 0
859 0 8.50344e-16 0
860 0 1.3865e-15 0
862 0 1.12103e-15 0
863 0 2.19085e-14 0
864 0 1.26046e-15 0
866 0 8.49956e-16 0
867 0 3.32743e-16 0
869 0 7.24691e-16 0
872 0 1.24592e-15 0
873 0 2.2023e-14 0
874 0 1.18124e-14 0
875 0 5.30574e-16 0
876 0 5.84021e-15 0
878 0 2.74617e-16 0
883 0 7.64023e-16 0
885 0 7.28061e-15 0
886 0 3.75171e-16 0
890 0 5.80017e-16 0
891 0 6.73808e-16 0
893 0 8.85727e-16 0
894 0 1.05129e-15 0
895 0 8.65756e-16 0
896 0 4.1205e-15 0
897 0 2.19373e-15 0
898 0 3.75171e-16 0
902 0 3.75171e-16 0
903 0 3.32743e-16 0
907 0 7.4652e-16 0
908 0 2.9269e-16 0
909 0 4.03153e-16 0
910 0 1.03007e-15 0
912 0 1.10817e-15 0
913 0 5.30574e-16 0
914 0 1.19134e-15 0
916 0 2.14457e-15 0
918 0 1.35923e-16 0
919 0 1.33528e-15 0
921 0 3.57182e-16 0
922 0 5.80864e-16 0
924 0 6.85802e-15 0
925 0 4.73625e-15 0
926 0 4.14905e-16 0
930 0 4.72907e-14 0
933 0 8.33951e-16 0
934 0 4.68335e-16 0
935 0 2.42096e-15 0
936 0 4.24163e-16 0
941 0 7.65023e-16 0
942 0 1.79937e-16 0
944 0 3.75171e-16 0
945 0 6.49965e-16 0
946 0 1.12103e-15 0
947 0 4.7371e-16 0
949 0 7.78434e-16 0
950 0 1.79937e-16 0
953 0 4.87638e-16 0
954 0 3.19554e-16 0
955 0 8.84498e-15 0
956 0 7.97149e-16 0
957 0 2.31472e-14 0
959 0 5.80225e-16 0
960 0 8.32472e-15 0
961 0 1.79937e-16 0
962 0 2.45347e-15 0
964 0 5.8302e-15 0
965 0 2.74617e-16 0
966 0 2.31055e-15 0
969 0 1.79937e-16 0
971 0 2.74617e-16 0
973 0 3.87256e-15 0
974 0 2.7554e-16 0
975 0 3.27503e-15 0
976 0 1.00606e-14 0
977 0 2.66791e-15 0
978 0 1.66157e-15 0
980 0 6.38975e-15 0
983 0 1.34194e-15 0
984 0 6.1088e-15 0
986 0 8.06241e-16 0
988 0 2.32558e-15 0
993 0 4.24231e-16 0
994 0 1.79937e-16 0
995 0 1.05129e-15 0
996 0 3.75171e-16 0
1001 0 2.80905e-14 0
1002 0 3.75171e-16 0
1008 0 1.80681e-14 0
1009 0 3.80465e-16 0
1010 0 1.79937e-16 0
1012 0 6.05547e-16 0
1013 0 6.72184e-16 0
1014 0 3.71858e-16 0
1016 0 1.35923e-16 0
1017 0 3.9395e-16 0
1018 0 5.73059e-16 0
1019 0 7.40347e-15 0
1023 0 8.25692e-16 0
1025 0 8.06241e-16 0
1026 0 7.82664e-16 0
1028 0 1.26479e-15 0
1033 0 5.49985e-16 0
1035 0 3.88964e-16 0
1040 0 1.79937e-16 0
1041 0 5.80225e-16 0
1042 0 2.38744e-14 0
1045 0 2.63962e-14 0
1046 0 1.35923e-16 0
1047 0 4.41598e-16 0
1048 0 1.1574e-15 0
1049 0 1.06139e-15 0
1052 0 1.43545e-15 0
1053 0 5.75309e-16 0
1054 0 3.77861e-15 0
1055 0 6.23596e-15 0
1059 0 7.38434e-15 0
1060 0 3.0234e-14 0
1061 0 1.17683e-14 0
1062 0 3.71858e-16 0
1063 0 4.33085e-16 0
1064 0 5.94849e-15 0
1066 0 9.33124e-16 0
1068 0 1.36065e-14 0
1069 0 2.99356e-15 0
1071 0 4.50148e-16 0
1072 0 5.80225e-16 0
1074 0 2.9269e-16 0
1076 0 8.94448e-16 0
1078 0 3.50147e-15 0
1079 0 8.1715e-16 0
1080 0 2.10183e-16 0
1082 0 4.58705e-16 0
1086 0 3.75171e-16 0
1087 0 1.47916e-14 0
1088 0 1.11276e-15 0
1091 0 1.79937e-16 0
1092 0 1.51907e-14 0
1093 0 4.18127e-16 0
1094 0 3.9395e-16 0
1100 0 1.79937e-16 0
1103 0 2.47817e-14 0
1104 0 3.75171e-16 0
1107 0 5.28535e-16 0
1108 0 3.75171e-16 0
1109 0 2.00825e-14 0
1111 0 2.70973e-15 0
1112 0 4.24163e-16 0
1113 0 1.84414e-14 0
1114 0 2.42647e-14 0
1115 0 6.07675e-15 0
1116 0 3.75171e-16 0
1118 0 3.28161e-16 0
1119 0 2.31055e-15 0
1122 0 2.02886e-14 0
1123 0 3.75171e-16 0
1124 0 3.31148e-13 0
1125 0 1.35923e-16 0
1126 0 4.4175e-16 0
1131 0 6.49965e-16 0
1132 0 6.3548e-16 0
1134 0 3.59771e-16 0
1135 0 3.71858e-16 0
1136 0 1.1234e-14 0
1137 0 2.42833e-16 0
1140 0 4.00293e-15 0
1141 0 1.79937e-16 0
1142 0 2.7781e-16 0
1146 0 1.17333e-15 0
1147 0 1.21886e-15 0
1152 0 9.82119e-16 0
1153 0 1.47681e-15 0
1154 0 3.41677e-16 0
1155 0 2.73376e-15 0
1157 0 3.62504e-15 0
1158 0 1.10055e-15 0
1159 0 3.75171e-16 0
1160 0 7.60107e-15 0
1161 0 3.75171e-16 0
1162 0 1.35923e-16 0
1163 0 2.89974e-15 0
1164 0 2.26902e-14 0
1165 0 3.24209e-16 0
1166 0 2.32558e-15 0
1168 0 3.27527e-16 0
1169 0 2.48467e-15 0
1172 0 5.7274e-16 0
1173 0 8.06241e-16 0
1174 0 1.35923e-16 0
1175 0 3.65943e-15 0
1178 0 2.74155e-16 0
1179 0 1.05925e-15 0
1180 0 4.93972e-16 0
1181 0 8.50344e-16 0
1182 0 6.44851e-16 0
1186 0 3.33944e-15 0
1188 0 5.36912e-16 0
1191 0 3.16062e-15 0
1192 0 1.79937e-16 0
1197 0 3.90168e-16 0
1199 0 5.80225e-16 0
1201 0 6.97416e-16 0
1202 0 6.04623e-16 0
1203 0 1.01375e-15 0
1204 0 4.58705e-16 0
1205 0 9.15183e-16 0
1206 0 5.79866e-15 0
1207 0 7.51185e-15 0
1210 0 2.28238e-15 0
1213 0 3.1311e-15 0
1216 0 3.82935e-15 0
1217 0 3.75171e-16 0
1218 0 1.68921e-16 0
1220 0 4.08692e-15 0
1221 0 9.45676e-16 0
1222 0 3.02462e-16 0
1223 0 1.10208e-15 0
1225 0 8.65756e-16 0
1226 0 9.54937e-16 0
1228 0 1.17227e-15 0
1229 0 5.80225e-16 0
1231 0 4.50148e-16 0
1232 0 3.37807e-16 0
1233 0 6.70092e-15 0
1235 0 1.12077e-15 0
1238 0 1.16501e-15 0
1239 0 7.94973e-16 0
1240 0 7.00099e-16 0
1241 0 2.32241e-16 0
1244 0 1.02245e-15 0
1245 0 2.19437e-14 0
1246 0 2.58359e-16 0
1247 0 1.12923e-15 0
1250 0 6.07124e-15 0
1254 0 8.72608e-16 0
1255 0 4.04337e-15 0
1258 0 8.12935e-16 0
1259 0 4.71378e-16 0
1260 0 3.19554e-16 0
1261 0 4.0088e-16 0
1263 0 3.71858e-16 0
1267 0 1.78807e-14 0
1270 0 2.42833e-16 0
1271 0 9.02081e-16 0
1273 0 2.17806e-15 0
1275 0 3.95688e-16 0
1277 0 1.73805e-14 0
1280 0 7.29177e-15 0
1281 0 5.1574e-16 0
1283 0 6.05385e-16 0
1284 0 2.33241e-15 0
1285 0 2.9269e-16 0
1288 0 2.203e-15 0
1289 0 3.72326e-15 0
1292 0 3.13657e-15 0
1293 0 3.75171e-16 0
1294 0 7.95312e-16 0
1295 0 3.67467e-15 0
1299 0 1.35923e-16 0
1300 0 4.26716e-16 0
1302 0 1.35923e-16 0
1304 0 3.45725e-16 0
1305 0 8.72906e-16 0
1310 0 2.7471e-14 0
1312 0 7.68145e-15 0
1314 0 1.17326e-14 0
1317 0 5.80225e-16 0
1321 0 3.9395e-16 0
1322 0 3.75171e-16 0
1327 0 3.71858e-16 0
1329 0 8.50344e-16 0
1330 0 6.05547e-16 0
1331 0 2.80526e-15 0
1332 0 4.42447e-15 0
1333 0 6.24328e-16 0
1335 0 3.80282e-15 0
1336 0 6.57459e-16 0
1337 0 7.33144e-15 0
1341 0 6.15232e-16 0
1342 0 2.3001e-15 0
1343 0 4.62006e-16 0
1344 0 2.42833e-16 0
1346 0 3.88964e-16 0
1347 0 3.87799e-14 0
1349 0 9.69358e-16 0
1350 0 1.11604e-15 0
1351 0 3.80149e-16 0
1352 0 1.65625e-15 0
1353 0 8.50344e-16 0
1354 0 4.39703e-14 0
1355 0 2.33948e-15 0
1356 0 7.97686e-15 0
1357 0 3.75171e-16 0
1360 0 1.79937e-16 0
1361 0 1.00946e-14 0
1362 0 4.35402e-15 0
1363 0 2.32345e-14 0
1364 0 1.35923e-16 0
1366 0 4.33085e-16 0
1368 0 3.4434e-16 0
1369 0 3.56549e-15 0
1370 0 4.10469e-15 0
1371 0 3.9395e-16 0
1372 0 7.76547e-15 0
1373 0 3.49181e-15 0
1374 0 8.50344e-16 0
1375 0 1.79937e-16 0
1377 0 4.56819e-15 0
1378 0 2.42833e-16 0
1385 0 3.53613e-15 0
1386 0 3.22665e-15 0
1387 0 3.75171e-16 0
1388 0 3.75171e-16 0
1391 0 6.94158e-16 0
1392 0 3.39061e-16 0
1393 0 2.64321e-14 0
1394 0 8.57977e-16 0
1395 0 6.79963e-15 0
1396 0 9.54269e-16 0
1397 0 3.19554e-16 0
1398 0 3.75171e-16 0
1401 0 5.80225e-16 0
1402 0 2.9269e-16 0
1404 0 4.89027e-16 0
1405 0 3.75171e-16 0
1407 0 8.94448e-16 0
1410 0 9.20744e-16 0
1412 0 6.50229e-16 0
1413 0 1.21661e-15 0
1417 0 4.36488e-15 0
1418 0 1.35923e-16 0
1419 0 1.95924e-14 0
1420 0 1.79937e-16 0
1422 0 2.35181e-16 0
1423 0 3.75171e-16 0
1425 0 4.8561e-16 0
1426 0 2.26077e-15 0
1427 0 4.99695e-16 0
1428 0 9.80844e-16 0
1431 0 5.4547e-15 0
1434 0 8.49137e-16 0
1435 0 3.19554e-16 0
1436 0 3.65823e-16 0
1437 0 2.04178e-12 0
1438 0 5.54092e-16 0
1439 0 7.24249e-16 0
1443 0 1.79937e-16 0
1444 0 1.35923e-16 0
1446 0 2.74617e-16 0
1448 0 8.25692e-16 0
1449 0 7.03901e-16 0
1450 0 3.52498e-16 0
1451 0 3.9398e-16 0
1452 0 4.95613e-15 0
1453 0 3.75171e-16 0
1456 0 8.93247e-16 0
1457 0 4.66875e-15 0
1458 0 1.58833e-15 0
1459 0 3.90058e-16 0
1461 0 5.39896e-14 0
1464 0 5.25655e-15 0
1465 0 1.77465e-15 0
1466 0 1.41764e-15 0
1469 0 4.17896e-14 0
1472 0 2.28651e-15 0
1473 0 2.69618e-14 0
1474 0 2.16794e-14 0
1477 0 3.19554e-16 0
1479 0 1.61568e-15 0
1483 0 7.10889e-16 0
1484 0 7.48973e-16 0
1485 0 1.79937e-16 0
1486 0 1.79937e-16 0
1487 0 1.6794e-14 0
1488 0 2.97682e-14 0
1491 0 3.57947e-15 0
1493 0 4.50148e-16 0
1494 0 6.49965e-16 0
1496 0 2.09051e-14 0
1497 0 3.75171e-16 0
1499 0 1.01929e-15 0
