type nsvt
signal A_IN B_IN C_IN
period 10
fall 0.1
rise 0.1
radix 1 1 1
0 1 1
1 0 1
1 1 1
0 0 1
1 1 1
0 0 1
1 1 0
1 0 1
0 0 0
0 1 1
0 1 0
0 1 1
1 1 1
1 0 1
1 1 1
0 0 1
1 1 1
0 0 1
1 1 0
1 0 1
0 0 0
0 1 1
0 1 0
0 1 1
0 1 1
1 0 1
1 1 1
0 0 1
1 1 1
0 0 1
1 1 0
1 0 1
0 0 0
0 1 1
0 1 0
0 1 1
0 1 1
1 0 1
1 1 1
0 0 1
1 1 1
0 0 1
1 1 0
1 0 1
0 0 0
0 1 1
0 1 0
0 1 1
0 1 1
1 0 1
1 1 1
0 0 1
1 1 1
0 0 1
1 1 0
1 0 1
0 0 0
0 1 1
0 1 0
0 1 1
0 1 1
1 0 1
1 1 1
0 0 1
1 1 1
0 0 1
1 1 0
1 0 1
0 0 0
0 1 1
0 1 0
0 1 1
1 0 0
