type nsvt
signal A_0 A_1 A_2 A_3 A_4 A_5 A_6 A_7 B_0 B_1 B_2 B_3 B_4 B_5 B_6 B_7 

period 3
fall 0.1
rise 0.1  

radix 1 1 1 1 1 1 1 1 1 1 1 1 1 1 1 1
io i i i i i i i i i i i i i i i i	
00000000	00000000
11001010	00111101
01001000	00001010
11011011	01100000
00100111	11101100
00110100	01101000
00100011	00101100
00001011	10101000
10101100	01101111
01010110	11110001
10000010	11010111
00001100	11100100
01001110	11010001
10010001	10001001
01011010	01100101
11011010	01110011
00111000	11111010
10111000	11111000
11101010	10010000
01001000	11001001
10100110	10101111
10100110	11001001
11100011	11011011
00010110	01011001
11001000	10000111
01101000	11101000
10100101	01001111
10111000	11010001
11110000	11100010
00100010	00010101
10001110	11101011
10111001	00101001
11100010	01101100
10111010	00100000
00010100	10011111
00100001	10100111
01101011	11101110
00011110	11000000
01011111	11000100
11011001	10010100
01001010	00011010
11101101	01011100
01100000	10011111
01101101	11111101
01011100	11110011
00111110	00101001
10111111	11011011
11100010	00101110
00011100	00110100
11111000	01010001
10101110	11110010
10011001	10111110
11101010	00101010
10111110	11000000
10001011	11001110
10111000	10001110
11011110	10100011
01110001	01011111
10101010	00110000
00010010	00010001
11000110	11001010
11001111	10011010
11110100	11100000
01111110	00010011
10000110	10111001
01001110	11011101
00111010	01001101
11001101	00011101
10000101	10001100
01101111	00001011
00001001	01111011
00010001	10000010
10110001	01111110
10001011	11110000
01100010	01111011
00001001	11010100
00001001	01000100
10011100	00100100
00101101	11001000
01101111	10000010
00001100	10010101
01001100	01001111
10010001	11010000
01000100	00000110
10110011	11001101
10011010	00101101
10111000	00110000
11000100	01000111
11110100	01111101
00000111	10100001
00101100	01001011
01000011	01101011
11011111	11101001
10100000	01101110
01111011	01100001
11011010	10110111
01000001	11101110
10101100	11001100
10010010	01101100
00100101	00101101
01101100	01011010
00100111	11101100
00110100	01101000
00100011	00101100
00001011	10101000
10101100	01101111
01010110	11110001
10000010	11010111
00001100	11100100
01001110	11010001
10010001	10001001
01011010	01100101
11011010	01110011
00111000	11111010
10111000	11111000
11101010	10010000
01001000	11001001
10100110	10101111
10100110	11001001
11100011	11011011
00010110	01011001
11001000	10000111
01101000	11101000
10100101	01001111
10111000	11010001
11110000	11100010
00100010	00010101
10001110	11101011
10111001	00101001
11100010	01101100
10111010	00100000
00010100	10011111
00100001	10100111
01101011	11101110
00011110	11000000
01011111	11000100
11011001	10010100
01001010	00011010
11101101	01011100
01100000	10011111
01101101	11111101
01011100	11110011
00111110	00101001
10111111	11011011
11100010	00101110
00011100	00110100
11111000	01010001
10101110	11110010
10011001	10111110
11101010	00101010
10111110	11000000
10001011	11001110
10111000	10001110
11011110	10100011
01110001	01011111
10101010	00110000
00010010	00010001
11000110	11001010
11001111	10011010
11110100	11100000
01111110	00010011
10000110	10111001
01001110	11011101
00111010	01001101
11001101	00011101
10000101	10001100
01101111	00001011
00001001	01111011
00010001	10000010
10110001	01111110
10001011	11110000
01100010	01111011
00001001	11010100
00001001	01000100
10011100	00100100
00101101	11001000
01101111	10000010
00001100	10010101
01001100	01001111
10010001	11010000
01000100	00000110
10110011	11001101
10011010	00101101
10111000	00110000
11000100	01000111
11110100	01111101
00000111	10100001
00101100	01001011
01000011	01101011
11011111	11101001
10100000	01101110
01111011	01100001
11011010	10110111
01000001	11101110
10101100	11001100
10010010	01101100
00100101	00101101
01101100	01011010
00100111	11101100
00110100	01101000
00100011	00101100
00001011	10101000
10101100	01101111
01010110	11110001
10000010	11010111
00001100	11100100
01001110	11010001
10010001	10001001
01011010	01100101
11011010	01110011
00111000	11111010
10111000	11111000
11101010	10010000
01001000	11001001
10100110	10101111
10100110	11001001
11100011	11011011
00010110	01011001
11001000	10000111
01101000	11101000
10100101	01001111
10111000	11010001
11110000	11100010
00100010	00010101
10001110	11101011
10111001	00101001
11100010	01101100
10111010	00100000
00010100	10011111
00100001	10100111
01101011	11101110
00011110	11000000
01011111	11000100
11011001	10010100
01001010	00011010
11101101	01011100
01100000	10011111
01101101	11111101
01011100	11110011
00111110	00101001
10111111	11011011
11100010	00101110
00011100	00110100
11111000	01010001
10101110	11110010
10011001	10111110
11101010	00101010
10111110	11000000
10001011	11001110
10111000	10001110
11011110	10100011
01110001	01011111
10101010	00110000
00010010	00010001
11000110	11001010
11001111	10011010
11110100	11100000
01111110	00010011
10000110	10111001
01001110	11011101
00111010	01001101
11001101	00011101
10000101	10001100
01101111	00001011
00001001	01111011
00010001	10000010
10110001	01111110
10001011	11110000
01100010	01111011
00001001	11010100
00001001	01000100
10011100	00100100
00101101	11001000
01101111	10000010
00001100	10010101
01001100	01001111
10010001	11010000
01000100	00000110
10110011	11001101
10011010	00101101
10111000	00110000
11000100	01000111
11110100	01111101
00000111	10100001
00101100	01001011
01000011	01101011
11011111	11101001
10100000	01101110
01111011	01100001
11011010	10110111
01000001	11101110
10101100	11001100
10010010	01101100
00100101	00101101
01101100	01011010
00100111	11101100
00110100	01101000
00100011	00101100
00001011	10101000
10101100	01101111
01010110	11110001
10000010	11010111
00001100	11100100
01001110	11010001
10010001	10001001
01011010	01100101
11011010	01110011
00111000	11111010
10111000	11111000
11101010	10010000
01001000	11001001
10100110	10101111
10100110	11001001
11100011	11011011
00010110	01011001
11001000	10000111
01101000	11101000
10100101	01001111
10111000	11010001
11110000	11100010
00100010	00010101
10001110	11101011
10111001	00101001
11100010	01101100
10111010	00100000
00010100	10011111
00100001	10100111
01101011	11101110
00011110	11000000
01011111	11000100
11011001	10010100
01001010	00011010
11101101	01011100
01100000	10011111
01101101	11111101
01011100	11110011
00111110	00101001
10111111	11011011
11100010	00101110
00011100	00110100
11111000	01010001
10101110	11110010
10011001	10111110
11101010	00101010
10111110	11000000
10001011	11001110
10111000	10001110
11011110	10100011
01110001	01011111
10101010	00110000
00010010	00010001
11000110	11001010
11001111	10011010
11110100	11100000
01111110	00010011
10000110	10111001
01001110	11011101
00111010	01001101
11001101	00011101
10000101	10001100
01101111	00001011
00001001	01111011
00010001	10000010
10110001	01111110
10001011	11110000
01100010	01111011
00001001	11010100
00001001	01000100
10011100	00100100
00101101	11001000
01101111	10000010
00001100	10010101
01001100	01001111
10010001	11010000
01000100	00000110
10110011	11001101
10011010	00101101
10111000	00110000
11000100	01000111
11110100	01111101
00000111	10100001
00101100	01001011
01000011	01101011
11011111	11101001
10100000	01101110
01111011	01100001
11011010	10110111
01000001	11101110
10101100	11001100
10010010	01101100
00100101	00101101
01101100	01011010
00100111	11101100
00110100	01101000
00100011	00101100
00001011	10101000
10101100	01101111
01010110	11110001
10000010	11010111
00001100	11100100
01001110	11010001
10010001	10001001
01011010	01100101
11011010	01110011
00111000	11111010
10111000	11111000
11101010	10010000
01001000	11001001
10100110	10101111
10100110	11001001
11100011	11011011
00010110	01011001
11001000	10000111
01101000	11101000
10100101	01001111
10111000	11010001
11110000	11100010
00100010	00010101
10001110	11101011
10111001	00101001
11100010	01101100
10111010	00100000
00010100	10011111
00100001	10100111
01101011	11101110
00011110	11000000
01011111	11000100
11011001	10010100
01001010	00011010
11101101	01011100
01100000	10011111
01101101	11111101
01011100	11110011
00111110	00101001
10111111	11011011
11100010	00101110
00011100	00110100
11111000	01010001
10101110	11110010
10011001	10111110
11101010	00101010
10111110	11000000
10001011	11001110
10111000	10001110
11011110	10100011
01110001	01011111
10101010	00110000
00010010	00010001
11000110	11001010
11001111	10011010
11110100	11100000
01111110	00010011
10000110	10111001
01001110	11011101
00111010	01001101
11001101	00011101
10000101	10001100
01101111	00001011
00001001	01111011
00010001	10000010
10110001	01111110
10001011	11110000
01100010	01111011
00001001	11010100
00001001	01000100
10011100	00100100
00101101	11001000
01101111	10000010
00001100	10010101
01001100	01001111
10010001	11010000
01000100	00000110
10110011	11001101
10011010	00101101
10111000	00110000
11000100	01000111
11110100	01111101
00000111	10100001
00101100	01001011
01000011	01101011
11011111	11101001
10100000	01101110
01111011	01100001
11011010	10110111
01000001	11101110
10101100	11001100
10010010	01101100
00100101	00101101
01101100	01011010
11011111	11101001
10100000	01101110
01111011	01100001
11011010	10110111
01000001	11101110
10101100	11001100
10010010	01101100
00100101	00101101
01101100	01011010

