; %lib
; .inc 'tt_inc'
; %model
; .model tsmc18dp pmos
; %parameters
; delta_vt -0.5 0.5
; body_bias 0 6.001 0.1
; vds 0 6.001 0.1
; vgs 0 6.001 0.1
; %corner
; temperature 25
; voltage 5
; %invoke
; hspice64 %input > %output
;

; --------------------------------------------------------
;|                                                        |
;|           GENTECH Version G-2012.06 (RHEL64)           |
;| Copyright (c) 2012 Synopsys Inc., All Rights Reserved. |
;|                                                        |
; --------------------------------------------------------
;
;Built by nsmgr   on Fri May 18 18:04:57 PDT 2012
; Sat Oct 25 01:16:59 2014


acm 1000 hspice

; temperature and voltage of the model
typical_case_def 25 5 typ
; actual model name is tsmc18dp
lat_diff tsmc18dp pmos 90 18 0.0300756 0.005 ; all in um

; name type w l hdif2(um) rsh
; acm cgbo cgdo cgso (F/m) cox (F/m2) lmlt wmlt rs rd
model_par tsmc18dp pmos 90 18 0 7.5 0 1e-12 6.79e-10 6.79e-10 0.00863283 1 1 405.493 405.493 level 47 capop 4 xpart 0.5 js 0 jsw 0 dlc 0.0300756 dwc 0.005 gamma 0.5499 phi 0.888268 cfringe 0

; device capacitance
; diff name type w l (vdd) cov cj cjsw (cjgate)
; gate name type w l (vdd) cg
diff_cap tsmc18dp pmos 90 18 6.7900e-03 7.1545e-05 1.4688e-03 2.9019e-03
gate_cap tsmc18dp pmos 90 18 8.0274e-04
diff_cap_table tsmc18dp pmos vbd -1.000 6.700 0.100
-1.000000e+00   1.740732e-04   3.006045e-03   5.939048e-03
-9.000000e-01   1.684104e-04   2.918621e-03   5.766324e-03
-8.000000e-01   1.627476e-04   2.831197e-03   5.593600e-03
-7.000000e-01   1.570848e-04   2.743773e-03   5.420876e-03
-6.000000e-01   1.514220e-04   2.656349e-03   5.248152e-03
-5.000000e-01   1.457591e-04   2.568924e-03   5.075428e-03
-4.000000e-01   1.400963e-04   2.481500e-03   4.902704e-03
-3.000000e-01   1.344335e-04   2.394076e-03   4.729980e-03
-2.000000e-01   1.287707e-04   2.306652e-03   4.557257e-03
-9.999999e-02   1.231078e-04   2.219228e-03   4.384533e-03
1.490116e-08   1.174450e-04   2.131804e-03   4.211809e-03
1.000000e-01   1.122072e-04   2.052040e-03   4.054218e-03
2.000000e-01   1.076875e-04   1.984757e-03   3.921288e-03
3.000000e-01   1.037327e-04   1.926842e-03   3.806866e-03
4.000000e-01   1.002321e-04   1.876190e-03   3.706792e-03
5.000000e-01   9.710336e-05   1.831317e-03   3.618135e-03
6.000000e-01   9.428376e-05   1.791139e-03   3.538756e-03
7.000000e-01   9.172458e-05   1.754843e-03   3.467047e-03
8.000000e-01   8.938730e-05   1.721807e-03   3.401777e-03
9.000000e-01   8.724097e-05   1.691540e-03   3.341977e-03
1.000000e+00   8.526043e-05   1.663652e-03   3.286879e-03
1.100000e+00   8.342496e-05   1.637828e-03   3.235860e-03
1.200000e+00   8.171731e-05   1.613810e-03   3.188407e-03
1.300000e+00   8.012302e-05   1.591383e-03   3.144099e-03
1.400000e+00   7.862982e-05   1.570369e-03   3.102581e-03
1.500000e+00   7.722724e-05   1.550615e-03   3.063552e-03
1.600000e+00   7.590628e-05   1.531992e-03   3.026759e-03
1.700000e+00   7.465916e-05   1.514389e-03   2.991981e-03
1.800000e+00   7.347911e-05   1.497711e-03   2.959030e-03
1.900000e+00   7.236019e-05   1.481873e-03   2.927739e-03
2.000000e+00   7.129719e-05   1.466803e-03   2.897966e-03
2.100000e+00   7.028551e-05   1.452437e-03   2.869583e-03
2.200000e+00   6.932106e-05   1.438718e-03   2.842478e-03
2.300000e+00   6.840019e-05   1.425596e-03   2.816552e-03
2.400000e+00   6.751966e-05   1.413025e-03   2.791716e-03
2.500000e+00   6.667653e-05   1.400966e-03   2.767890e-03
2.600000e+00   6.586818e-05   1.389382e-03   2.745004e-03
2.700000e+00   6.509223e-05   1.378241e-03   2.722992e-03
2.800000e+00   6.434652e-05   1.367513e-03   2.701798e-03
2.900000e+00   6.362909e-05   1.357172e-03   2.681367e-03
3.000000e+00   6.293817e-05   1.347194e-03   2.661653e-03
3.100000e+00   6.227212e-05   1.337555e-03   2.642611e-03
3.200000e+00   6.162946e-05   1.328237e-03   2.624201e-03
3.300000e+00   6.100881e-05   1.319221e-03   2.606387e-03
3.400000e+00   6.040893e-05   1.310489e-03   2.589135e-03
3.500000e+00   5.982865e-05   1.302026e-03   2.572415e-03
3.600000e+00   5.926691e-05   1.293817e-03   2.556197e-03
3.700000e+00   5.872271e-05   1.285850e-03   2.540455e-03
3.800000e+00   5.819515e-05   1.278110e-03   2.525165e-03
3.900000e+00   5.768337e-05   1.270588e-03   2.510304e-03
4.000000e+00   5.718658e-05   1.263273e-03   2.495850e-03
4.100000e+00   5.670406e-05   1.256154e-03   2.481786e-03
4.200000e+00   5.623511e-05   1.249222e-03   2.468091e-03
4.300000e+00   5.577910e-05   1.242469e-03   2.454749e-03
4.400000e+00   5.533543e-05   1.235887e-03   2.441744e-03
4.500000e+00   5.490353e-05   1.229467e-03   2.429061e-03
4.600000e+00   5.448290e-05   1.223204e-03   2.416686e-03
4.700000e+00   5.407303e-05   1.217089e-03   2.404606e-03
4.800000e+00   5.367346e-05   1.211118e-03   2.392808e-03
4.900000e+00   5.328377e-05   1.205284e-03   2.381282e-03
5.000000e+00   5.290353e-05   1.199581e-03   2.370015e-03
5.100000e+00   5.253237e-05   1.194005e-03   2.358998e-03
5.200000e+00   5.216992e-05   1.188550e-03   2.348221e-03
5.300000e+00   5.181584e-05   1.183212e-03   2.337675e-03
5.400000e+00   5.146981e-05   1.177987e-03   2.327351e-03
5.500000e+00   5.113151e-05   1.172870e-03   2.317240e-03
5.600000e+00   5.080066e-05   1.167856e-03   2.307336e-03
5.700000e+00   5.047698e-05   1.162944e-03   2.297630e-03
5.800000e+00   5.016021e-05   1.158128e-03   2.288116e-03
5.900000e+00   4.985010e-05   1.153406e-03   2.278787e-03
6.000000e+00   4.954642e-05   1.148775e-03   2.269636e-03
6.100000e+00   4.924895e-05   1.144231e-03   2.260658e-03
6.200000e+00   4.895746e-05   1.139771e-03   2.251847e-03
6.300000e+00   4.867176e-05   1.135393e-03   2.243197e-03
6.400000e+00   4.839165e-05   1.131094e-03   2.234703e-03
6.500000e+00   4.811695e-05   1.126871e-03   2.226361e-03
6.600000e+00   4.784749e-05   1.122723e-03   2.218165e-03
6.700000e+00   4.758309e-05   1.118646e-03   2.210111e-03

; threshold vs. vbs voltages
; body_bias name type w l vbs 0 vbsend vbsinc vt(vbs=0)
; (table entries start from vt(vbs=vbsinc), 10 entries per line)
body_bias tsmc18dp pmos 90 18 vbs 0.000 6.000 0.100 0.034
 0.003 -0.028 -0.057 -0.086 -0.114 -0.141 -0.167 -0.193 -0.218 -0.243
 -0.267 -0.291 -0.314 -0.338 -0.360 -0.383 -0.405 -0.427 -0.448 -0.469
 -0.490 -0.511 -0.532 -0.552 -0.572 -0.592 -0.612 -0.632 -0.651 -0.670
 -0.690 -0.709 -0.727 -0.746 -0.765 -0.783 -0.802 -0.820 -0.838 -0.856
 -0.874 -0.892 -0.910 -0.927 -0.945 -0.962 -0.980 -0.997 -1.014 -1.031
 -1.048 -1.065 -1.082 -1.098 -1.114 -1.130 -1.146 -1.161 -1.177 -1.192
delta_vt tsmc18dp pmos 90 18 0.500

; ids versus vds, vgs
; name type w l vdstart vdend vdincr vgstart vgend vgincr
ids tsmc18dp pmos 90 18 vsd 0.000 6.100 0.100 vsg 0.000 6.600 0.100
  +0.0000e+00   +0.0000e+00   +0.0000e+00   +0.0000e+00 
  +0.0000e+00   +0.0000e+00   +0.0000e+00   +0.0000e+00 
  +0.0000e+00   +0.0000e+00   +0.0000e+00   +0.0000e+00 
  +0.0000e+00   +0.0000e+00   +0.0000e+00   +0.0000e+00 
  +0.0000e+00   +0.0000e+00   +0.0000e+00   +0.0000e+00 
  +0.0000e+00   +0.0000e+00   +0.0000e+00   +0.0000e+00 
  +0.0000e+00   +0.0000e+00   +0.0000e+00   +0.0000e+00 
  +0.0000e+00   +0.0000e+00   +0.0000e+00   +0.0000e+00 
  +0.0000e+00   +0.0000e+00   +0.0000e+00   +0.0000e+00 
  +0.0000e+00   +0.0000e+00   +0.0000e+00   +0.0000e+00 
  +0.0000e+00   +0.0000e+00   +0.0000e+00   +0.0000e+00 
  +0.0000e+00   +0.0000e+00   +0.0000e+00   +0.0000e+00 
  +0.0000e+00   +0.0000e+00   +0.0000e+00   +0.0000e+00 
  +0.0000e+00   +0.0000e+00   +0.0000e+00   +0.0000e+00 
  +0.0000e+00   +0.0000e+00   +0.0000e+00   +0.0000e+00 
  +0.0000e+00   +0.0000e+00   +0.0000e+00   +0.0000e+00 
  +0.0000e+00   +0.0000e+00   +0.0000e+00   +4.8990e-07 
  +3.6742e-06   +5.0704e-05   +6.4176e-04   +7.1162e-03 
  +6.3824e-02   +3.4386e-01   +8.7675e-01   +1.4530e+00 
  +1.9954e+00   +2.4955e+00   +2.9549e+00   +3.3760e+00 
  +3.7607e+00   +4.1109e+00   +4.4287e+00   +4.7162e+00 
  +4.9753e+00   +5.2082e+00   +5.4167e+00   +5.6027e+00 
  +5.7679e+00   +5.9140e+00   +6.0425e+00   +6.1549e+00 
  +6.2527e+00   +6.3369e+00   +6.4088e+00   +6.4695e+00 
  +6.5199e+00   +6.5610e+00   +6.5936e+00   +6.6185e+00 
  +6.6363e+00   +6.6478e+00   +6.6536e+00   +6.6541e+00 
  +6.6498e+00   +6.6413e+00   +6.6290e+00   +6.6131e+00 
  +6.5941e+00   +6.5723e+00   +6.5480e+00   +6.5214e+00 
  +6.4928e+00   +6.4624e+00   +6.4304e+00   +6.3969e+00 
  +6.3622e+00   +6.3265e+00   +6.2897e+00   +6.2521e+00 
  +6.2138e+00   +6.1749e+00   +6.1355e+00   +6.0956e+00 
  +6.0554e+00   +6.0149e+00   +5.9743e+00   +5.9334e+00 
  +5.8925e+00   +5.8515e+00   +5.8105e+00   +5.7695e+00 
  +5.7286e+00   +5.6879e+00   +0.0000e+00   +3.9192e-06 
  +5.4868e-05   +6.9320e-04   +7.6830e-03   +6.9358e-02 
  +3.9598e-01   +1.1860e+00   +2.2480e+00   +3.3214e+00 
  +4.3317e+00   +5.2694e+00   +6.1345e+00   +6.9290e+00 
  +7.6555e+00   +8.3175e+00   +8.9187e+00   +9.4628e+00 
  +9.9536e+00   +1.0395e+01   +1.0790e+01   +1.1142e+01 
  +1.1456e+01   +1.1733e+01   +1.1977e+01   +1.2190e+01 
  +1.2376e+01   +1.2536e+01   +1.2673e+01   +1.2788e+01 
  +1.2883e+01   +1.2961e+01   +1.3023e+01   +1.3070e+01 
  +1.3104e+01   +1.3125e+01   +1.3136e+01   +1.3136e+01 
  +1.3127e+01   +1.3110e+01   +1.3086e+01   +1.3055e+01 
  +1.3018e+01   +1.2976e+01   +1.2928e+01   +1.2876e+01 
  +1.2821e+01   +1.2762e+01   +1.2699e+01   +1.2634e+01 
  +1.2567e+01   +1.2497e+01   +1.2426e+01   +1.2353e+01 
  +1.2278e+01   +1.2202e+01   +1.2126e+01   +1.2048e+01 
  +1.1970e+01   +1.1891e+01   +1.1811e+01   +1.1732e+01 
  +1.1652e+01   +1.1572e+01   +1.1492e+01   +1.1412e+01 
  +1.1332e+01   +0.0000e+00   +4.4091e-06   +5.7318e-05 
  +7.3680e-04   +8.1538e-03   +7.3392e-02   +4.1769e-01 
  +1.2674e+00   +2.5361e+00   +4.0189e+00   +5.5195e+00 
  +6.9452e+00   +8.2737e+00   +9.5011e+00   +1.0629e+01 
  +1.1661e+01   +1.2602e+01   +1.3456e+01   +1.4229e+01 
  +1.4927e+01   +1.5555e+01   +1.6117e+01   +1.6619e+01 
  +1.7065e+01   +1.7460e+01   +1.7808e+01   +1.8112e+01 
  +1.8376e+01   +1.8604e+01   +1.8799e+01   +1.8963e+01 
  +1.9099e+01   +1.9210e+01   +1.9297e+01   +1.9364e+01 
  +1.9411e+01   +1.9441e+01   +1.9455e+01   +1.9455e+01 
  +1.9441e+01   +1.9416e+01   +1.9380e+01   +1.9335e+01 
  +1.9280e+01   +1.9218e+01   +1.9149e+01   +1.9073e+01 
  +1.8992e+01   +1.8905e+01   +1.8814e+01   +1.8720e+01 
  +1.8621e+01   +1.8519e+01   +1.8415e+01   +1.8308e+01 
  +1.8199e+01   +1.8089e+01   +1.7977e+01   +1.7863e+01 
  +1.7749e+01   +1.7633e+01   +1.7517e+01   +1.7401e+01 
  +1.7284e+01   +1.7167e+01   +1.7050e+01   +1.6933e+01 
  +0.0000e+00   +4.8990e-06   +6.1727e-05   +7.8089e-04 
  +8.6124e-03   +7.7229e-02   +4.3649e-01   +1.3201e+00 
  +2.6553e+00   +4.3005e+00   +6.1327e+00   +8.0029e+00 
  +9.7979e+00   +1.1476e+01   +1.3027e+01   +1.4454e+01 
  +1.5759e+01   +1.6948e+01   +1.8029e+01   +1.9008e+01 
  +1.9891e+01   +2.0685e+01   +2.1397e+01   +2.2032e+01 
  +2.2598e+01   +2.3098e+01   +2.3538e+01   +2.3923e+01 
  +2.4258e+01   +2.4547e+01   +2.4793e+01   +2.5001e+01 
  +2.5174e+01   +2.5314e+01   +2.5424e+01   +2.5508e+01 
  +2.5567e+01   +2.5604e+01   +2.5620e+01   +2.5619e+01 
  +2.5600e+01   +2.5566e+01   +2.5519e+01   +2.5459e+01 
  +2.5388e+01   +2.5307e+01   +2.5217e+01   +2.5119e+01 
  +2.5013e+01   +2.4901e+01   +2.4783e+01   +2.4659e+01 
  +2.4531e+01   +2.4399e+01   +2.4264e+01   +2.4125e+01 
  +2.3984e+01   +2.3840e+01   +2.3694e+01   +2.3547e+01 
  +2.3398e+01   +2.3248e+01   +2.3097e+01   +2.2945e+01 
  +2.2793e+01   +2.2641e+01   +2.2489e+01   +9.7979e-07 
  +4.8990e-06   +6.4666e-05   +8.2303e-04   +9.0748e-03 
  +8.1007e-02   +4.5415e-01   +1.3659e+00   +2.7440e+00 
  +4.4573e+00   +6.4221e+00   +8.5567e+00   +1.0744e+01 
  +1.2863e+01   +1.4851e+01   +1.6692e+01   +1.8385e+01 
  +1.9934e+01   +2.1346e+01   +2.2629e+01   +2.3791e+01 
  +2.4839e+01   +2.5783e+01   +2.6628e+01   +2.7383e+01 
  +2.8055e+01   +2.8649e+01   +2.9172e+01   +2.9630e+01 
  +3.0028e+01   +3.0371e+01   +3.0664e+01   +3.0910e+01 
  +3.1114e+01   +3.1280e+01   +3.1411e+01   +3.1509e+01 
  +3.1578e+01   +3.1621e+01   +3.1639e+01   +3.1635e+01 
  +3.1611e+01   +3.1569e+01   +3.1511e+01   +3.1437e+01 
  +3.1350e+01   +3.1251e+01   +3.1141e+01   +3.1021e+01 
  +3.0892e+01   +3.0755e+01   +3.0611e+01   +3.0460e+01 
  +3.0304e+01   +3.0144e+01   +2.9978e+01   +2.9809e+01 
  +2.9637e+01   +2.9461e+01   +2.9284e+01   +2.9104e+01 
  +2.8922e+01   +2.8739e+01   +2.8555e+01   +2.8370e+01 
  +2.8185e+01   +2.7999e+01   +1.9596e-06   +5.8788e-06 
  +6.8585e-05   +8.6908e-04   +9.5412e-03   +8.4775e-02 
  +4.7115e-01   +1.4081e+00   +2.8211e+00   +4.5813e+00 
  +6.6141e+00   +8.8631e+00   +1.1263e+01   +1.3720e+01 
  +1.6118e+01   +1.8379e+01   +2.0477e+01   +2.2407e+01 
  +2.4174e+01   +2.5785e+01   +2.7248e+01   +2.8573e+01 
  +2.9769e+01   +3.0846e+01   +3.1810e+01   +3.2672e+01 
  +3.3438e+01   +3.4116e+01   +3.4713e+01   +3.5236e+01 
  +3.5690e+01   +3.6081e+01   +3.6414e+01   +3.6695e+01 
  +3.6928e+01   +3.7116e+01   +3.7264e+01   +3.7375e+01 
  +3.7452e+01   +3.7499e+01   +3.7518e+01   +3.7511e+01 
  +3.7482e+01   +3.7431e+01   +3.7361e+01   +3.7274e+01 
  +3.7172e+01   +3.7055e+01   +3.6926e+01   +3.6785e+01 
  +3.6634e+01   +3.6473e+01   +3.6305e+01   +3.6129e+01 
  +3.5946e+01   +3.5758e+01   +3.5564e+01   +3.5366e+01 
  +3.5164e+01   +3.4959e+01   +3.4751e+01   +3.4540e+01 
  +3.4327e+01   +3.4113e+01   +3.3897e+01   +3.3681e+01 
  +3.3463e+01   +0.0000e+00   +5.8788e-06   +7.2505e-05 
  +9.1317e-04   +1.0019e-02   +8.8561e-02   +4.8770e-01 
  +1.4476e+00   +2.8909e+00   +4.6891e+00   +6.7710e+00 
  +9.0874e+00   +1.1590e+01   +1.4227e+01   +1.6912e+01 
  +1.9545e+01   +2.2043e+01   +2.4368e+01   +2.6508e+01 
  +2.8468e+01   +3.0255e+01   +3.1879e+01   +3.3350e+01 
  +3.4677e+01   +3.5872e+01   +3.6942e+01   +3.7899e+01 
  +3.8749e+01   +3.9502e+01   +4.0164e+01   +4.0744e+01 
  +4.1248e+01   +4.1682e+01   +4.2052e+01   +4.2363e+01 
  +4.2620e+01   +4.2827e+01   +4.2990e+01   +4.3112e+01 
  +4.3196e+01   +4.3246e+01   +4.3264e+01   +4.3254e+01 
  +4.3218e+01   +4.3159e+01   +4.3078e+01   +4.2978e+01 
  +4.2860e+01   +4.2727e+01   +4.2579e+01   +4.2418e+01 
  +4.2245e+01   +4.2062e+01   +4.1870e+01   +4.1670e+01 
  +4.1462e+01   +4.1247e+01   +4.1026e+01   +4.0801e+01 
  +4.0571e+01   +4.0337e+01   +4.0100e+01   +3.9860e+01 
  +3.9617e+01   +3.9373e+01   +3.9127e+01   +3.8880e+01 
  +0.0000e+00   +7.8383e-06   +7.6424e-05   +9.6020e-04 
  +1.0503e-02   +9.2381e-02   +5.0394e-01   +1.4853e+00 
  +2.9553e+00   +4.7859e+00   +6.9074e+00   +9.2739e+00 
  +1.1843e+01   +1.4580e+01   +1.7422e+01   +2.0299e+01 
  +2.3128e+01   +2.5828e+01   +2.8350e+01   +3.0676e+01 
  +3.2808e+01   +3.4751e+01   +3.6517e+01   +3.8117e+01 
  +3.9561e+01   +4.0860e+01   +4.2025e+01   +4.3065e+01 
  +4.3990e+01   +4.4808e+01   +4.5529e+01   +4.6160e+01 
  +4.6707e+01   +4.7178e+01   +4.7580e+01   +4.7917e+01 
  +4.8195e+01   +4.8420e+01   +4.8595e+01   +4.8725e+01 
  +4.8814e+01   +4.8866e+01   +4.8883e+01   +4.8869e+01 
  +4.8827e+01   +4.8759e+01   +4.8667e+01   +4.8554e+01 
  +4.8421e+01   +4.8271e+01   +4.8105e+01   +4.7925e+01 
  +4.7732e+01   +4.7528e+01   +4.7313e+01   +4.7089e+01 
  +4.6856e+01   +4.6617e+01   +4.6370e+01   +4.6118e+01 
  +4.5862e+01   +4.5600e+01   +4.5335e+01   +4.5067e+01 
  +4.4797e+01   +4.4524e+01   +4.4249e+01   +1.9596e-06 
  +5.8788e-06   +7.6424e-05   +1.0072e-03   +1.1005e-02 
  +9.6243e-02   +5.1997e-01   +1.5214e+00   +3.0156e+00 
  +4.8743e+00   +7.0292e+00   +9.4362e+00   +1.2056e+01 
  +1.4861e+01   +1.7799e+01   +2.0817e+01   +2.3857e+01 
  +2.6850e+01   +2.9721e+01   +3.2413e+01   +3.4901e+01 
  +3.7183e+01   +3.9265e+01   +4.1157e+01   +4.2871e+01 
  +4.4418e+01   +4.5809e+01   +4.7057e+01   +4.8171e+01 
  +4.9162e+01   +5.0038e+01   +5.0810e+01   +5.1485e+01 
  +5.2071e+01   +5.2575e+01   +5.3004e+01   +5.3363e+01 
  +5.3660e+01   +5.3899e+01   +5.4084e+01   +5.4221e+01 
  +5.4314e+01   +5.4366e+01   +5.4381e+01   +5.4362e+01 
  +5.4313e+01   +5.4236e+01   +5.4133e+01   +5.4007e+01 
  +5.3860e+01   +5.3694e+01   +5.3511e+01   +5.3312e+01 
  +5.3099e+01   +5.2874e+01   +5.2637e+01   +5.2391e+01 
  +5.2135e+01   +5.1871e+01   +5.1601e+01   +5.1323e+01 
  +5.1041e+01   +5.0754e+01   +5.0462e+01   +5.0167e+01 
  +4.9869e+01   +4.9569e+01   +1.9596e-06   +7.8383e-06 
  +8.2303e-05   +1.0562e-03   +1.1513e-02   +1.0017e-01 
  +5.3586e-01   +1.5563e+00   +3.0726e+00   +4.9563e+00 
  +7.1400e+00   +9.5808e+00   +1.2242e+01   +1.5099e+01 
  +1.8105e+01   +2.1215e+01   +2.4385e+01   +2.7565e+01 
  +3.0694e+01   +3.3707e+01   +3.6545e+01   +3.9174e+01 
  +4.1588e+01   +4.3792e+01   +4.5794e+01   +4.7608e+01 
  +4.9246e+01   +5.0719e+01   +5.2039e+01   +5.3218e+01 
  +5.4266e+01   +5.5194e+01   +5.6010e+01   +5.6724e+01 
  +5.7343e+01   +5.7875e+01   +5.8327e+01   +5.8706e+01 
  +5.9018e+01   +5.9268e+01   +5.9462e+01   +5.9604e+01 
  +5.9699e+01   +5.9751e+01   +5.9763e+01   +5.9739e+01 
  +5.9682e+01   +5.9596e+01   +5.9482e+01   +5.9343e+01 
  +5.9182e+01   +5.9000e+01   +5.8800e+01   +5.8583e+01 
  +5.8352e+01   +5.8106e+01   +5.7849e+01   +5.7581e+01 
  +5.7303e+01   +5.7016e+01   +5.6721e+01   +5.6420e+01 
  +5.6113e+01   +5.5801e+01   +5.5484e+01   +5.5163e+01 
  +5.4840e+01   +0.0000e+00   +7.8383e-06   +8.8181e-05 
  +1.1072e-03   +1.2040e-02   +1.0415e-01   +5.5168e-01 
  +1.5903e+00   +3.1271e+00   +5.0332e+00   +7.2421e+00 
  +9.7119e+00   +1.2407e+01   +1.5306e+01   +1.8365e+01 
  +2.1542e+01   +2.4800e+01   +2.8100e+01   +3.1399e+01 
  +3.4644e+01   +3.7775e+01   +4.0735e+01   +4.3486e+01 
  +4.6016e+01   +4.8325e+01   +5.0425e+01   +5.2326e+01 
  +5.4043e+01   +5.5587e+01   +5.6971e+01   +5.8206e+01 
  +5.9305e+01   +6.0277e+01   +6.1131e+01   +6.1878e+01 
  +6.2526e+01   +6.3082e+01   +6.3555e+01   +6.3950e+01 
  +6.4274e+01   +6.4534e+01   +6.4734e+01   +6.4880e+01 
  +6.4975e+01   +6.5025e+01   +6.5034e+01   +6.5004e+01 
  +6.4939e+01   +6.4843e+01   +6.4718e+01   +6.4567e+01 
  +6.4392e+01   +6.4195e+01   +6.3978e+01   +6.3744e+01 
  +6.3494e+01   +6.3229e+01   +6.2952e+01   +6.2663e+01 
  +6.2363e+01   +6.2054e+01   +6.1737e+01   +6.1413e+01 
  +6.1082e+01   +6.0746e+01   +6.0405e+01   +6.0060e+01 
  +3.9192e-06   +9.7979e-06   +9.2100e-05   +1.1601e-03 
  +1.2577e-02   +1.0820e-01   +5.6745e-01   +1.6235e+00 
  +3.1793e+00   +5.1059e+00   +7.3373e+00   +9.8323e+00 
  +1.2556e+01   +1.5490e+01   +1.8590e+01   +2.1819e+01 
  +2.5142e+01   +2.8528e+01   +3.1940e+01   +3.5340e+01 
  +3.8682e+01   +4.1911e+01   +4.4974e+01   +4.7829e+01 
  +5.0458e+01   +5.2860e+01   +5.5044e+01   +5.7022e+01 
  +5.8808e+01   +6.0413e+01   +6.1853e+01   +6.3137e+01 
  +6.4279e+01   +6.5289e+01   +6.6176e+01   +6.6952e+01 
  +6.7624e+01   +6.8200e+01   +6.8690e+01   +6.9098e+01 
  +6.9433e+01   +6.9699e+01   +6.9904e+01   +7.0051e+01 
  +7.0147e+01   +7.0194e+01   +7.0198e+01   +7.0162e+01 
  +7.0089e+01   +6.9983e+01   +6.9847e+01   +6.9683e+01 
  +6.9494e+01   +6.9282e+01   +6.9050e+01   +6.8799e+01 
  +6.8531e+01   +6.8247e+01   +6.7950e+01   +6.7641e+01 
  +6.7321e+01   +6.6991e+01   +6.6652e+01   +6.6305e+01 
  +6.5952e+01   +6.5593e+01   +6.5228e+01   +0.0000e+00 
  +5.8788e-06   +9.2100e-05   +1.2110e-03   +1.3133e-02 
  +1.1233e-01   +5.8322e-01   +1.6561e+00   +3.2298e+00 
  +5.1751e+00   +7.4267e+00   +9.9441e+00   +1.2693e+01 
  +1.5656e+01   +1.8791e+01   +2.2060e+01   +2.5434e+01 
  +2.8883e+01   +3.2376e+01   +3.5883e+01   +3.9369e+01 
  +4.2791e+01   +4.6103e+01   +4.9252e+01   +5.2195e+01 
  +5.4910e+01   +5.7393e+01   +5.9650e+01   +6.1694e+01 
  +6.3539e+01   +6.5198e+01   +6.6684e+01   +6.8011e+01 
  +6.9190e+01   +7.0232e+01   +7.1148e+01   +7.1947e+01 
  +7.2639e+01   +7.3233e+01   +7.3735e+01   +7.4154e+01 
  +7.4497e+01   +7.4769e+01   +7.4976e+01   +7.5124e+01 
  +7.5218e+01   +7.5261e+01   +7.5260e+01   +7.5217e+01 
  +7.5135e+01   +7.5020e+01   +7.4872e+01   +7.4696e+01 
  +7.4493e+01   +7.4266e+01   +7.4018e+01   +7.3751e+01 
  +7.3465e+01   +7.3164e+01   +7.2848e+01   +7.2519e+01 
  +7.2179e+01   +7.1829e+01   +7.1469e+01   +7.1101e+01 
  +7.0726e+01   +7.0345e+01   +0.0000e+00   +3.9192e-06 
  +1.0190e-04   +1.2698e-03   +1.3701e-02   +1.1653e-01 
  +5.9901e-01   +1.6881e+00   +3.2788e+00   +5.2415e+00 
  +7.5115e+00   +1.0049e+01   +1.2820e+01   +1.5808e+01 
  +1.8971e+01   +2.2274e+01   +2.5688e+01   +2.9185e+01 
  +3.2740e+01   +3.6325e+01   +3.9911e+01   +4.3468e+01 
  +4.6957e+01   +5.0337e+01   +5.3558e+01   +5.6577e+01 
  +5.9366e+01   +6.1917e+01   +6.4238e+01   +6.6339e+01 
  +6.8235e+01   +6.9939e+01   +7.1466e+01   +7.2828e+01 
  +7.4038e+01   +7.5107e+01   +7.6047e+01   +7.6866e+01 
  +7.7575e+01   +7.8182e+01   +7.8695e+01   +7.9122e+01 
  +7.9470e+01   +7.9745e+01   +7.9954e+01   +8.0101e+01 
  +8.0192e+01   +8.0231e+01   +8.0224e+01   +8.0173e+01 
  +8.0083e+01   +7.9957e+01   +7.9798e+01   +7.9609e+01 
  +7.9393e+01   +7.9152e+01   +7.8888e+01   +7.8604e+01 
  +7.8302e+01   +7.7983e+01   +7.7649e+01   +7.7302e+01 
  +7.6942e+01   +7.6572e+01   +7.6192e+01   +7.5804e+01 
  +7.5408e+01   +3.9192e-06   +3.9192e-06   +1.0582e-04 
  +1.3247e-03   +1.4285e-02   +1.2081e-01   +6.1484e-01 
  +1.7198e+00   +3.3265e+00   +5.3054e+00   +7.5923e+00 
  +1.0148e+01   +1.2938e+01   +1.5948e+01   +1.9136e+01 
  +2.2467e+01   +2.5913e+01   +2.9449e+01   +3.3051e+01 
  +3.6694e+01   +4.0355e+01   +4.4007e+01   +4.7622e+01 
  +5.1167e+01   +5.4602e+01   +5.7882e+01   +6.0965e+01 
  +6.3818e+01   +6.6430e+01   +6.8805e+01   +7.0955e+01 
  +7.2894e+01   +7.4637e+01   +7.6198e+01   +7.7590e+01 
  +7.8826e+01   +7.9917e+01   +8.0876e+01   +8.1711e+01 
  +8.2433e+01   +8.3050e+01   +8.3572e+01   +8.4005e+01 
  +8.4356e+01   +8.4633e+01   +8.4841e+01   +8.4986e+01 
  +8.5073e+01   +8.5107e+01   +8.5093e+01   +8.5034e+01 
  +8.4935e+01   +8.4798e+01   +8.4628e+01   +8.4426e+01 
  +8.4197e+01   +8.3942e+01   +8.3663e+01   +8.3364e+01 
  +8.3045e+01   +8.2709e+01   +8.2357e+01   +8.1992e+01 
  +8.1613e+01   +8.1224e+01   +8.0825e+01   +8.0416e+01 
  +0.0000e+00   +7.8383e-06   +1.0974e-04   +1.3874e-03 
  +1.4885e-02   +1.2518e-01   +6.3073e-01   +1.7511e+00 
  +3.3732e+00   +5.3673e+00   +7.6698e+00   +1.0241e+01 
  +1.3050e+01   +1.6079e+01   +1.9287e+01   +2.2642e+01 
  +2.6115e+01   +2.9683e+01   +3.3322e+01   +3.7011e+01 
  +4.0727e+01   +4.4450e+01   +4.8156e+01   +5.1818e+01 
  +5.5407e+01   +5.8887e+01   +6.2217e+01   +6.5353e+01 
  +6.8261e+01   +7.0926e+01   +7.3348e+01   +7.5540e+01 
  +7.7516e+01   +7.9291e+01   +8.0880e+01   +8.2297e+01 
  +8.3553e+01   +8.4663e+01   +8.5636e+01   +8.6484e+01 
  +8.7216e+01   +8.7841e+01   +8.8368e+01   +8.8805e+01 
  +8.9158e+01   +8.9434e+01   +8.9641e+01   +8.9782e+01 
  +8.9865e+01   +8.9893e+01   +8.9871e+01   +8.9804e+01 
  +8.9695e+01   +8.9548e+01   +8.9366e+01   +8.9152e+01 
  +8.8909e+01   +8.8640e+01   +8.8346e+01   +8.8031e+01 
  +8.7697e+01   +8.7344e+01   +8.6975e+01   +8.6592e+01 
  +8.6196e+01   +8.5788e+01   +8.5370e+01   +3.9192e-06 
  +1.1758e-05   +1.1758e-04   +1.4501e-03   +1.5504e-02 
  +1.2964e-01   +6.4669e-01   +1.7822e+00   +3.4189e+00 
  +5.4274e+00   +7.7445e+00   +1.0331e+01   +1.3155e+01 
  +1.6201e+01   +1.9429e+01   +2.2803e+01   +2.6299e+01 
  +2.9893e+01   +3.3563e+01   +3.7287e+01   +4.1048e+01 
  +4.4824e+01   +4.8597e+01   +5.2345e+01   +5.6045e+01 
  +5.9669e+01   +6.3184e+01   +6.6553e+01   +6.9734e+01 
  +7.2690e+01   +7.5401e+01   +7.7865e+01   +8.0092e+01 
  +8.2099e+01   +8.3901e+01   +8.5513e+01   +8.6949e+01 
  +8.8222e+01   +8.9345e+01   +9.0330e+01   +9.1187e+01 
  +9.1926e+01   +9.2557e+01   +9.3087e+01   +9.3525e+01 
  +9.3878e+01   +9.4153e+01   +9.4356e+01   +9.4494e+01 
  +9.4570e+01   +9.4592e+01   +9.4562e+01   +9.4486e+01 
  +9.4367e+01   +9.4209e+01   +9.4015e+01   +9.3789e+01 
  +9.3533e+01   +9.3249e+01   +9.2941e+01   +9.2611e+01 
  +9.2261e+01   +9.1892e+01   +9.1507e+01   +9.1106e+01 
  +9.0692e+01   +9.0267e+01   +0.0000e+00   +7.8383e-06 
  +1.1758e-04   +1.5167e-03   +1.6143e-02   +1.3418e-01 
  +6.6274e-01   +1.8130e+00   +3.4639e+00   +5.4860e+00 
  +7.8167e+00   +1.0417e+01   +1.3256e+01   +1.6318e+01 
  +1.9561e+01   +2.2953e+01   +2.6469e+01   +3.0084e+01 
  +3.3779e+01   +3.7533e+01   +4.1328e+01   +4.5147e+01 
  +4.8971e+01   +5.2783e+01   +5.6563e+01   +6.0291e+01 
  +6.3941e+01   +6.7484e+01   +7.0884e+01   +7.4101e+01 
  +7.7098e+01   +7.9850e+01   +8.2350e+01   +8.4609e+01 
  +8.6642e+01   +8.8465e+01   +9.0095e+01   +9.1546e+01 
  +9.2833e+01   +9.3966e+01   +9.4959e+01   +9.5823e+01 
  +9.6566e+01   +9.7199e+01   +9.7730e+01   +9.8168e+01 
  +9.8520e+01   +9.8791e+01   +9.8990e+01   +9.9122e+01 
  +9.9193e+01   +9.9206e+01   +9.9168e+01   +9.9083e+01 
  +9.8953e+01   +9.8784e+01   +9.8579e+01   +9.8340e+01 
  +9.8071e+01   +9.7774e+01   +9.7451e+01   +9.7106e+01 
  +9.6740e+01   +9.6356e+01   +9.5954e+01   +9.5537e+01 
  +9.5106e+01   +3.9192e-06   +1.1758e-05   +1.2933e-04 
  +1.5794e-03   +1.6801e-02   +1.3882e-01   +6.7889e-01 
  +1.8437e+00   +3.5082e+00   +5.5433e+00   +7.8868e+00 
  +1.0500e+01   +1.3353e+01   +1.6428e+01   +1.9686e+01 
  +2.3094e+01   +2.6626e+01   +3.0260e+01   +3.3976e+01 
  +3.7754e+01   +4.1578e+01   +4.5430e+01   +4.9294e+01 
  +5.3155e+01   +5.6996e+01   +6.0801e+01   +6.4549e+01 
  +6.8218e+01   +7.1780e+01   +7.5204e+01   +7.8450e+01 
  +8.1481e+01   +8.4269e+01   +8.6802e+01   +8.9088e+01 
  +9.1143e+01   +9.2984e+01   +9.4628e+01   +9.6091e+01 
  +9.7386e+01   +9.8527e+01   +9.9525e+01   +1.0039e+02 
  +1.0114e+02   +1.0177e+02   +1.0230e+02   +1.0274e+02 
  +1.0308e+02   +1.0335e+02   +1.0355e+02   +1.0367e+02 
  +1.0373e+02   +1.0374e+02   +1.0369e+02   +1.0360e+02 
  +1.0346e+02   +1.0328e+02   +1.0306e+02   +1.0281e+02 
  +1.0253e+02   +1.0222e+02   +1.0188e+02   +1.0152e+02 
  +1.0114e+02   +1.0074e+02   +1.0032e+02   +9.9888e+01 
  +0.0000e+00   +7.8383e-06   +1.3325e-04   +1.6421e-03 
  +1.7472e-02   +1.4355e-01   +6.9514e-01   +1.8742e+00 
  +3.5519e+00   +5.5995e+00   +7.9551e+00   +1.0581e+01 
  +1.3445e+01   +1.6534e+01   +1.9805e+01   +2.3226e+01 
  +2.6773e+01   +3.0424e+01   +3.4157e+01   +3.7956e+01 
  +4.1803e+01   +4.5682e+01   +4.9578e+01   +5.3478e+01 
  +5.7366e+01   +6.1229e+01   +6.5049e+01   +6.8810e+01 
  +7.2491e+01   +7.6066e+01   +7.9507e+01   +8.2776e+01 
  +8.5835e+01   +8.8654e+01   +9.1217e+01   +9.3528e+01 
  +9.5602e+01   +9.7457e+01   +9.9112e+01   +1.0058e+02 
  +1.0188e+02   +1.0303e+02   +1.0403e+02   +1.0490e+02 
  +1.0564e+02   +1.0627e+02   +1.0680e+02   +1.0723e+02 
  +1.0758e+02   +1.0784e+02   +1.0803e+02   +1.0814e+02 
  +1.0820e+02   +1.0820e+02   +1.0814e+02   +1.0803e+02 
  +1.0788e+02   +1.0769e+02   +1.0746e+02   +1.0720e+02 
  +1.0690e+02   +1.0658e+02   +1.0623e+02   +1.0585e+02 
  +1.0546e+02   +1.0504e+02   +1.0461e+02   +3.9192e-06 
  +1.5677e-05   +1.3717e-04   +1.7166e-03   +1.8165e-02 
  +1.4837e-01   +7.1150e-01   +1.9046e+00   +3.5952e+00 
  +5.6546e+00   +8.0218e+00   +1.0659e+01   +1.3535e+01 
  +1.6635e+01   +1.9918e+01   +2.3351e+01   +2.6912e+01 
  +3.0576e+01   +3.4325e+01   +3.8141e+01   +4.2008e+01 
  +4.5909e+01   +4.9832e+01   +5.3762e+01   +5.7688e+01 
  +6.1595e+01   +6.5471e+01   +6.9300e+01   +7.3068e+01 
  +7.6755e+01   +8.0338e+01   +8.3788e+01   +8.7074e+01 
  +9.0157e+01   +9.3003e+01   +9.5593e+01   +9.7926e+01 
  +1.0002e+02   +1.0188e+02   +1.0355e+02   +1.0502e+02 
  +1.0632e+02   +1.0747e+02   +1.0847e+02   +1.0934e+02 
  +1.1008e+02   +1.1071e+02   +1.1123e+02   +1.1166e+02 
  +1.1200e+02   +1.1225e+02   +1.1243e+02   +1.1254e+02 
  +1.1259e+02   +1.1258e+02   +1.1251e+02   +1.1239e+02 
  +1.1223e+02   +1.1203e+02   +1.1179e+02   +1.1151e+02 
  +1.1120e+02   +1.1086e+02   +1.1050e+02   +1.1011e+02 
  +1.0970e+02   +1.0927e+02   +3.9192e-06   +1.5677e-05 
  +1.4501e-04   +1.7832e-03   +1.8883e-02   +1.5330e-01 
  +7.2799e-01   +1.9349e+00   +3.6380e+00   +5.7089e+00 
  +8.0870e+00   +1.0735e+01   +1.3622e+01   +1.6733e+01 
  +2.0026e+01   +2.3471e+01   +2.7043e+01   +3.0720e+01 
  +3.4483e+01   +3.8314e+01   +4.2196e+01   +4.6117e+01 
  +5.0061e+01   +5.4017e+01   +5.7972e+01   +6.1914e+01 
  +6.5833e+01   +6.9715e+01   +7.3548e+01   +7.7317e+01 
  +8.1004e+01   +8.4589e+01   +8.8045e+01   +9.1342e+01 
  +9.4442e+01   +9.7312e+01   +9.9926e+01   +1.0228e+02 
  +1.0439e+02   +1.0626e+02   +1.0793e+02   +1.0941e+02 
  +1.1071e+02   +1.1186e+02   +1.1285e+02   +1.1372e+02 
  +1.1446e+02   +1.1508e+02   +1.1560e+02   +1.1602e+02 
  +1.1635e+02   +1.1659e+02   +1.1677e+02   +1.1687e+02 
  +1.1690e+02   +1.1688e+02   +1.1680e+02   +1.1668e+02 
  +1.1650e+02   +1.1629e+02   +1.1603e+02   +1.1575e+02 
  +1.1542e+02   +1.1507e+02   +1.1470e+02   +1.1429e+02 
  +1.1387e+02   +0.0000e+00   +1.1758e-05   +1.5677e-04 
  +1.8538e-03   +1.9615e-02   +1.5832e-01   +7.4459e-01 
  +1.9651e+00   +3.6804e+00   +5.7624e+00   +8.1511e+00 
  +1.0809e+01   +1.3707e+01   +1.6827e+01   +2.0131e+01 
  +2.3586e+01   +2.7168e+01   +3.0856e+01   +3.4631e+01 
  +3.8475e+01   +4.2372e+01   +4.6308e+01   +5.0270e+01 
  +5.4247e+01   +5.8226e+01   +6.2197e+01   +6.6150e+01 
  +7.0074e+01   +7.3957e+01   +7.7788e+01   +8.1553e+01 
  +8.5236e+01   +8.8818e+01   +9.2274e+01   +9.5577e+01 
  +9.8690e+01   +1.0158e+02   +1.0422e+02   +1.0659e+02 
  +1.0871e+02   +1.1059e+02   +1.1226e+02   +1.1374e+02 
  +1.1504e+02   +1.1618e+02   +1.1718e+02   +1.1804e+02 
  +1.1877e+02   +1.1939e+02   +1.1990e+02   +1.2031e+02 
  +1.2063e+02   +1.2087e+02   +1.2103e+02   +1.2112e+02 
  +1.2115e+02   +1.2112e+02   +1.2103e+02   +1.2089e+02 
  +1.2071e+02   +1.2048e+02   +1.2021e+02   +1.1991e+02 
  +1.1958e+02   +1.1921e+02   +1.1882e+02   +1.1840e+02 
  +7.8383e-06   +1.1758e-05   +1.6069e-04   +1.9361e-03 
  +2.0368e-02   +1.6344e-01   +7.6133e-01   +1.9953e+00 
  +3.7225e+00   +5.8152e+00   +8.2140e+00   +1.0882e+01 
  +1.3789e+01   +1.6919e+01   +2.0232e+01   +2.3696e+01 
  +2.7288e+01   +3.0986e+01   +3.4771e+01   +3.8626e+01 
  +4.2536e+01   +4.6486e+01   +5.0463e+01   +5.4457e+01 
  +5.8457e+01   +6.2451e+01   +6.6432e+01   +7.0388e+01 
  +7.4310e+01   +7.8189e+01   +8.2013e+01   +8.5770e+01 
  +8.9445e+01   +9.3020e+01   +9.6473e+01   +9.9777e+01 
  +1.0290e+02   +1.0580e+02   +1.0846e+02   +1.1085e+02 
  +1.1298e+02   +1.1487e+02   +1.1655e+02   +1.1802e+02 
  +1.1932e+02   +1.2046e+02   +1.2145e+02   +1.2230e+02 
  +1.2302e+02   +1.2363e+02   +1.2413e+02   +1.2454e+02 
  +1.2485e+02   +1.2508e+02   +1.2523e+02   +1.2531e+02 
  +1.2533e+02   +1.2528e+02   +1.2518e+02   +1.2503e+02 
  +1.2484e+02   +1.2460e+02   +1.2432e+02   +1.2401e+02 
  +1.2366e+02   +1.2328e+02   +1.2288e+02   +0.0000e+00 
  +1.1758e-05   +1.6069e-04   +2.0105e-03   +2.1140e-02 
  +1.6867e-01   +7.7819e-01   +2.0255e+00   +3.7643e+00 
  +5.8674e+00   +8.2759e+00   +1.0953e+01   +1.3869e+01 
  +1.7009e+01   +2.0330e+01   +2.3803e+01   +2.7403e+01 
  +3.1110e+01   +3.4904e+01   +3.8770e+01   +4.2690e+01 
  +4.6652e+01   +5.0643e+01   +5.4652e+01   +5.8668e+01 
  +6.2682e+01   +6.6685e+01   +7.0667e+01   +7.4621e+01 
  +7.8538e+01   +8.2408e+01   +8.6221e+01   +8.9966e+01 
  +9.3629e+01   +9.7193e+01   +1.0064e+02   +1.0394e+02 
  +1.0707e+02   +1.0998e+02   +1.1265e+02   +1.1506e+02 
  +1.1721e+02   +1.1911e+02   +1.2078e+02   +1.2225e+02 
  +1.2355e+02   +1.2468e+02   +1.2566e+02   +1.2650e+02 
  +1.2721e+02   +1.2781e+02   +1.2831e+02   +1.2870e+02 
  +1.2900e+02   +1.2922e+02   +1.2936e+02   +1.2943e+02 
  +1.2944e+02   +1.2938e+02   +1.2927e+02   +1.2911e+02 
  +1.2890e+02   +1.2865e+02   +1.2836e+02   +1.2803e+02 
  +1.2767e+02   +1.2728e+02   +7.8383e-06   +1.9596e-05 
  +1.6852e-04   +2.0889e-03   +2.1939e-02   +1.7400e-01 
  +7.9520e-01   +2.0557e+00   +3.8059e+00   +5.9191e+00 
  +8.3370e+00   +1.1023e+01   +1.3948e+01   +1.7096e+01 
  +2.0425e+01   +2.3906e+01   +2.7514e+01   +3.1229e+01 
  +3.5032e+01   +3.8906e+01   +4.2836e+01   +4.6808e+01 
  +5.0811e+01   +5.4832e+01   +5.8863e+01   +6.2893e+01 
  +6.6915e+01   +7.0919e+01   +7.4899e+01   +7.8846e+01 
  +8.2752e+01   +8.6609e+01   +9.0407e+01   +9.4137e+01 
  +9.7785e+01   +1.0134e+02   +1.0477e+02   +1.0807e+02 
  +1.1119e+02   +1.1411e+02   +1.1680e+02   +1.1922e+02 
  +1.2138e+02   +1.2329e+02   +1.2496e+02   +1.2643e+02 
  +1.2772e+02   +1.2884e+02   +1.2981e+02   +1.3064e+02 
  +1.3135e+02   +1.3194e+02   +1.3242e+02   +1.3280e+02 
  +1.3309e+02   +1.3330e+02   +1.3343e+02   +1.3349e+02 
  +1.3348e+02   +1.3342e+02   +1.3329e+02   +1.3312e+02 
  +1.3290e+02   +1.3264e+02   +1.3233e+02   +1.3199e+02 
  +1.3162e+02   +0.0000e+00   +1.5677e-05   +1.8028e-04 
  +2.1712e-03   +2.2770e-02   +1.7944e-01   +8.1236e-01 
  +2.0859e+00   +3.8472e+00   +5.9703e+00   +8.3973e+00 
  +1.1092e+01   +1.4025e+01   +1.7181e+01   +2.0518e+01 
  +2.4006e+01   +2.7621e+01   +3.1344e+01   +3.5155e+01 
  +3.9037e+01   +4.2975e+01   +4.6957e+01   +5.0969e+01 
  +5.5002e+01   +5.9044e+01   +6.3089e+01   +6.7126e+01 
  +7.1149e+01   +7.5149e+01   +7.9121e+01   +8.3056e+01 
  +8.6948e+01   +9.0789e+01   +9.4569e+01   +9.8281e+01 
  +1.0191e+02   +1.0545e+02   +1.0887e+02   +1.1215e+02 
  +1.1527e+02   +1.1820e+02   +1.2090e+02   +1.2334e+02 
  +1.2551e+02   +1.2742e+02   +1.2910e+02   +1.3056e+02 
  +1.3184e+02   +1.3295e+02   +1.3391e+02   +1.3473e+02 
  +1.3543e+02   +1.3601e+02   +1.3648e+02   +1.3685e+02 
  +1.3713e+02   +1.3732e+02   +1.3744e+02   +1.3749e+02 
  +1.3747e+02   +1.3739e+02   +1.3725e+02   +1.3707e+02 
  +1.3684e+02   +1.3656e+02   +1.3624e+02   +1.3589e+02 
  +0.0000e+00   +1.5677e-05   +1.7244e-04   +2.2574e-03 
  +2.3609e-02   +1.8499e-01   +8.2964e-01   +2.1160e+00 
  +3.8884e+00   +6.0211e+00   +8.4569e+00   +1.1160e+01 
  +1.4101e+01   +1.7264e+01   +2.0608e+01   +2.4103e+01 
  +2.7726e+01   +3.1455e+01   +3.5273e+01   +3.9162e+01 
  +4.3108e+01   +4.7098e+01   +5.1119e+01   +5.5161e+01 
  +5.9215e+01   +6.3271e+01   +6.7321e+01   +7.1359e+01 
  +7.5377e+01   +7.9369e+01   +8.3328e+01   +8.7248e+01 
  +9.1123e+01   +9.4944e+01   +9.8704e+01   +1.0239e+02 
  +1.0600e+02   +1.0952e+02   +1.1293e+02   +1.1620e+02 
  +1.1931e+02   +1.2224e+02   +1.2494e+02   +1.2740e+02 
  +1.2958e+02   +1.3150e+02   +1.3318e+02   +1.3464e+02 
  +1.3591e+02   +1.3701e+02   +1.3796e+02   +1.3877e+02 
  +1.3945e+02   +1.4002e+02   +1.4047e+02   +1.4083e+02 
  +1.4110e+02   +1.4128e+02   +1.4139e+02   +1.4142e+02 
  +1.4139e+02   +1.4130e+02   +1.4115e+02   +1.4095e+02 
  +1.4071e+02   +1.4042e+02   +1.4009e+02   +0.0000e+00 
  +1.5677e-05   +1.8028e-04   +2.3437e-03   +2.4471e-02 
  +1.9064e-01   +8.4707e-01   +2.1463e+00   +3.9294e+00 
  +6.0715e+00   +8.5158e+00   +1.1227e+01   +1.4176e+01 
  +1.7346e+01   +2.0697e+01   +2.4198e+01   +2.7827e+01 
  +3.1563e+01   +3.5387e+01   +3.9283e+01   +4.3236e+01 
  +4.7233e+01   +5.1262e+01   +5.5312e+01   +5.9375e+01 
  +6.3441e+01   +6.7504e+01   +7.1554e+01   +7.5587e+01 
  +7.9596e+01   +8.3575e+01   +8.7518e+01   +9.1420e+01 
  +9.5273e+01   +9.9073e+01   +1.0281e+02   +1.0648e+02 
  +1.1007e+02   +1.1356e+02   +1.1695e+02   +1.2021e+02 
  +1.2331e+02   +1.2624e+02   +1.2894e+02   +1.3141e+02 
  +1.3360e+02   +1.3553e+02   +1.3721e+02   +1.3867e+02 
  +1.3993e+02   +1.4102e+02   +1.4196e+02   +1.4275e+02 
  +1.4342e+02   +1.4397e+02   +1.4442e+02   +1.4476e+02 
  +1.4502e+02   +1.4519e+02   +1.4528e+02   +1.4530e+02 
  +1.4526e+02   +1.4515e+02   +1.4499e+02   +1.4478e+02 
  +1.4452e+02   +1.4422e+02   +7.8383e-06   +7.8383e-06 
  +1.8812e-04   +2.4456e-03   +2.5373e-02   +1.9641e-01 
  +8.6466e-01   +2.1765e+00   +3.9702e+00   +6.1215e+00 
  +8.5742e+00   +1.1293e+01   +1.4250e+01   +1.7427e+01 
  +2.0784e+01   +2.4291e+01   +2.7926e+01   +3.1668e+01 
  +3.5498e+01   +3.9399e+01   +4.3359e+01   +4.7362e+01 
  +5.1398e+01   +5.5456e+01   +5.9527e+01   +6.3603e+01 
  +6.7675e+01   +7.1737e+01   +7.5782e+01   +7.9805e+01 
  +8.3801e+01   +8.7763e+01   +9.1687e+01   +9.5567e+01 
  +9.9397e+01   +1.0317e+02   +1.0689e+02   +1.1053e+02 
  +1.1409e+02   +1.1756e+02   +1.2093e+02   +1.2417e+02 
  +1.2727e+02   +1.3019e+02   +1.3290e+02   +1.3536e+02 
  +1.3757e+02   +1.3950e+02   +1.4119e+02   +1.4264e+02 
  +1.4390e+02   +1.4498e+02   +1.4590e+02   +1.4668e+02 
  +1.4734e+02   +1.4787e+02   +1.4830e+02   +1.4863e+02 
  +1.4887e+02   +1.4903e+02   +1.4911e+02   +1.4912e+02 
  +1.4906e+02   +1.4894e+02   +1.4877e+02   +1.4855e+02 
  +1.4828e+02   +0.0000e+00   +7.8383e-06   +2.0380e-04 
  +2.5239e-03   +2.6282e-02   +2.0228e-01   +8.8239e-01 
  +2.2068e+00   +4.0110e+00   +6.1712e+00   +8.6321e+00 
  +1.1359e+01   +1.4322e+01   +1.7506e+01   +2.0869e+01 
  +2.4382e+01   +2.8023e+01   +3.1770e+01   +3.5605e+01 
  +3.9513e+01   +4.3478e+01   +4.7487e+01   +5.1529e+01 
  +5.5594e+01   +5.9672e+01   +6.3755e+01   +6.7836e+01 
  +7.1908e+01   +7.5964e+01   +8.0000e+01   +8.4009e+01 
  +8.7987e+01   +9.1929e+01   +9.5831e+01   +9.9687e+01 
  +1.0349e+02   +1.0724e+02   +1.1093e+02   +1.1454e+02 
  +1.1808e+02   +1.2153e+02   +1.2487e+02   +1.2810e+02 
  +1.3118e+02   +1.3409e+02   +1.3680e+02   +1.3927e+02 
  +1.4149e+02   +1.4343e+02   +1.4512e+02   +1.4657e+02 
  +1.4781e+02   +1.4888e+02   +1.4979e+02   +1.5056e+02 
  +1.5120e+02   +1.5172e+02   +1.5214e+02   +1.5245e+02 
  +1.5268e+02   +1.5282e+02   +1.5289e+02   +1.5288e+02 
  +1.5281e+02   +1.5268e+02   +1.5250e+02   +1.5226e+02 
  +0.0000e+00   +1.5677e-05   +2.2731e-04   +2.6415e-03 
  +2.7238e-02   +2.0830e-01   +9.0028e-01   +2.2372e+00 
  +4.0516e+00   +6.2207e+00   +8.6895e+00   +1.1424e+01 
  +1.4394e+01   +1.7584e+01   +2.0953e+01   +2.4471e+01 
  +2.8117e+01   +3.1869e+01   +3.5710e+01   +3.9623e+01 
  +4.3593e+01   +4.7607e+01   +5.1655e+01   +5.5726e+01 
  +5.9811e+01   +6.3901e+01   +6.7989e+01   +7.2069e+01 
  +7.6135e+01   +8.0181e+01   +8.4202e+01   +8.8194e+01 
  +9.2152e+01   +9.6072e+01   +9.9949e+01   +1.0378e+02 
  +1.0756e+02   +1.1128e+02   +1.1494e+02   +1.1852e+02 
  +1.2204e+02   +1.2546e+02   +1.2878e+02   +1.3198e+02 
  +1.3505e+02   +1.3795e+02   +1.4065e+02   +1.4313e+02 
  +1.4535e+02   +1.4730e+02   +1.4899e+02   +1.5044e+02 
  +1.5168e+02   +1.5274e+02   +1.5364e+02   +1.5439e+02 
  +1.5501e+02   +1.5552e+02   +1.5592e+02   +1.5622e+02 
  +1.5643e+02   +1.5656e+02   +1.5661e+02   +1.5659e+02 
  +1.5651e+02   +1.5636e+02   +1.5616e+02   +0.0000e+00 
  +2.3515e-05   +2.2731e-04   +2.7356e-03   +2.8195e-02 
  +2.1440e-01   +9.1832e-01   +2.2676e+00   +4.0922e+00 
  +6.2699e+00   +8.7465e+00   +1.1488e+01   +1.4465e+01 
  +1.7661e+01   +2.1035e+01   +2.4559e+01   +2.8210e+01 
  +3.1967e+01   +3.5812e+01   +3.9730e+01   +4.3705e+01 
  +4.7724e+01   +5.1777e+01   +5.5854e+01   +5.9944e+01 
  +6.4040e+01   +6.8135e+01   +7.2223e+01   +7.6297e+01 
  +8.0352e+01   +8.4383e+01   +8.8387e+01   +9.2358e+01 
  +9.6293e+01   +1.0019e+02   +1.0404e+02   +1.0784e+02 
  +1.1159e+02   +1.1528e+02   +1.1891e+02   +1.2247e+02 
  +1.2595e+02   +1.2935e+02   +1.3264e+02   +1.3583e+02 
  +1.3887e+02   +1.4176e+02   +1.4446e+02   +1.4694e+02 
  +1.4917e+02   +1.5113e+02   +1.5282e+02   +1.5427e+02 
  +1.5550e+02   +1.5655e+02   +1.5743e+02   +1.5817e+02 
  +1.5878e+02   +1.5927e+02   +1.5965e+02   +1.5994e+02 
  +1.6013e+02   +1.6024e+02   +1.6028e+02   +1.6025e+02 
  +1.6015e+02   +1.5999e+02   +7.8383e-06   +2.3515e-05 
  +2.3515e-04   +2.8375e-03   +2.9190e-02   +2.2063e-01 
  +9.3652e-01   +2.2980e+00   +4.1326e+00   +6.3189e+00 
  +8.8031e+00   +1.1551e+01   +1.4535e+01   +1.7737e+01 
  +2.1117e+01   +2.4646e+01   +2.8301e+01   +3.2063e+01 
  +3.5913e+01   +3.9834e+01   +4.3814e+01   +4.7838e+01 
  +5.1896e+01   +5.5977e+01   +6.0072e+01   +6.4174e+01 
  +6.8275e+01   +7.2369e+01   +7.6450e+01   +8.0513e+01 
  +8.4554e+01   +8.8567e+01   +9.2549e+01   +9.6497e+01 
  +1.0041e+02   +1.0427e+02   +1.0810e+02   +1.1187e+02 
  +1.1559e+02   +1.1925e+02   +1.2285e+02   +1.2638e+02 
  +1.2983e+02   +1.3320e+02   +1.3647e+02   +1.3963e+02 
  +1.4266e+02   +1.4553e+02   +1.4823e+02   +1.5070e+02 
  +1.5294e+02   +1.5490e+02   +1.5660e+02   +1.5804e+02 
  +1.5927e+02   +1.6030e+02   +1.6117e+02   +1.6190e+02 
  +1.6249e+02   +1.6296e+02   +1.6333e+02   +1.6360e+02 
  +1.6378e+02   +1.6388e+02   +1.6390e+02   +1.6385e+02 
  +1.6374e+02   +7.8383e-06   +1.5677e-05   +2.3515e-04 
  +2.9472e-03   +3.0201e-02   +2.2697e-01   +9.5485e-01 
  +2.3285e+00   +4.1731e+00   +6.3677e+00   +8.8593e+00 
  +1.1614e+01   +1.4604e+01   +1.7812e+01   +2.1197e+01 
  +2.4731e+01   +2.8391e+01   +3.2157e+01   +3.6011e+01 
  +3.9937e+01   +4.3920e+01   +4.7948e+01   +5.2010e+01 
  +5.6096e+01   +6.0196e+01   +6.4303e+01   +6.8409e+01 
  +7.2509e+01   +7.6597e+01   +8.0667e+01   +8.4715e+01 
  +8.8737e+01   +9.2729e+01   +9.6688e+01   +1.0061e+02 
  +1.0449e+02   +1.0833e+02   +1.1212e+02   +1.1586e+02 
  +1.1955e+02   +1.2318e+02   +1.2675e+02   +1.3025e+02 
  +1.3367e+02   +1.3701e+02   +1.4026e+02   +1.4339e+02 
  +1.4640e+02   +1.4926e+02   +1.5194e+02   +1.5442e+02 
  +1.5665e+02   +1.5862e+02   +1.6032e+02   +1.6177e+02 
  +1.6299e+02   +1.6401e+02   +1.6487e+02   +1.6558e+02 
  +1.6615e+02   +1.6661e+02   +1.6696e+02   +1.6722e+02 
  +1.6738e+02   +1.6746e+02   +1.6747e+02   +1.6741e+02 
  +1.5677e-05   +2.3515e-05   +2.5083e-04   +3.0491e-03 
  +3.1259e-02   +2.3344e-01   +9.7336e-01   +2.3591e+00 
  +4.2134e+00   +6.4163e+00   +8.9153e+00   +1.1677e+01 
  +1.4673e+01   +1.7886e+01   +2.1276e+01   +2.4815e+01 
  +2.8479e+01   +3.2249e+01   +3.6107e+01   +4.0037e+01 
  +4.4024e+01   +4.8056e+01   +5.2122e+01   +5.6212e+01 
  +6.0316e+01   +6.4428e+01   +6.8539e+01   +7.2644e+01 
  +7.6737e+01   +8.0813e+01   +8.4868e+01   +8.8898e+01 
  +9.2898e+01   +9.6866e+01   +1.0080e+02   +1.0469e+02 
  +1.0855e+02   +1.1235e+02   +1.1611e+02   +1.1983e+02 
  +1.2348e+02   +1.2708e+02   +1.3062e+02   +1.3408e+02 
  +1.3748e+02   +1.4079e+02   +1.4400e+02   +1.4711e+02 
  +1.5010e+02   +1.5294e+02   +1.5562e+02   +1.5809e+02 
  +1.6032e+02   +1.6230e+02   +1.6400e+02   +1.6545e+02 
  +1.6666e+02   +1.6768e+02   +1.6852e+02   +1.6921e+02 
  +1.6977e+02   +1.7021e+02   +1.7054e+02   +1.7078e+02 
  +1.7093e+02   +1.7100e+02   +1.7099e+02   +7.8383e-06 
  +2.3515e-05   +2.5867e-04   +3.1588e-03   +3.2333e-02 
  +2.4003e-01   +9.9201e-01   +2.3898e+00   +4.2538e+00 
  +6.4648e+00   +8.9709e+00   +1.1739e+01   +1.4741e+01 
  +1.7960e+01   +2.1355e+01   +2.4897e+01   +2.8566e+01 
  +3.2340e+01   +3.6202e+01   +4.0135e+01   +4.4126e+01 
  +4.8162e+01   +5.2231e+01   +5.6325e+01   +6.0433e+01 
  +6.4548e+01   +6.8664e+01   +7.2773e+01   +7.6872e+01 
  +8.0953e+01   +8.5014e+01   +8.9050e+01   +9.3058e+01 
  +9.7035e+01   +1.0098e+02   +1.0488e+02   +1.0875e+02 
  +1.1257e+02   +1.1634e+02   +1.2007e+02   +1.2375e+02 
  +1.2737e+02   +1.3094e+02   +1.3444e+02   +1.3788e+02 
  +1.4124e+02   +1.4452e+02   +1.4771e+02   +1.5080e+02 
  +1.5376e+02   +1.5659e+02   +1.5925e+02   +1.6171e+02 
  +1.6394e+02   +1.6592e+02   +1.6763e+02   +1.6908e+02 
  +1.7029e+02   +1.7129e+02   +1.7212e+02   +1.7280e+02 
  +1.7334e+02   +1.7376e+02   +1.7408e+02   +1.7430e+02 
  +1.7443e+02   +1.7448e+02   +0.0000e+00   +1.5677e-05 
  +2.7434e-04   +3.2843e-03   +3.3454e-02   +2.4674e-01 
  +1.0109e+00   +2.4206e+00   +4.2941e+00   +6.5131e+00 
  +9.0263e+00   +1.1801e+01   +1.4809e+01   +1.8033e+01 
  +2.1432e+01   +2.4979e+01   +2.8652e+01   +3.2429e+01 
  +3.6295e+01   +4.0232e+01   +4.4226e+01   +4.8265e+01 
  +5.2338e+01   +5.6435e+01   +6.0547e+01   +6.4666e+01 
  +6.8785e+01   +7.2899e+01   +7.7001e+01   +8.1088e+01 
  +8.5154e+01   +8.9196e+01   +9.3211e+01   +9.7195e+01 
  +1.0114e+02   +1.0506e+02   +1.0893e+02   +1.1277e+02 
  +1.1656e+02   +1.2030e+02   +1.2400e+02   +1.2764e+02 
  +1.3123e+02   +1.3476e+02   +1.3823e+02   +1.4164e+02 
  +1.4497e+02   +1.4822e+02   +1.5138e+02   +1.5444e+02 
  +1.5738e+02   +1.6019e+02   +1.6283e+02   +1.6529e+02 
  +1.6752e+02   +1.6950e+02   +1.7121e+02   +1.7266e+02 
  +1.7387e+02   +1.7486e+02   +1.7568e+02   +1.7634e+02 
  +1.7686e+02   +1.7727e+02   +1.7757e+02   +1.7777e+02 
  +1.7789e+02   +7.8383e-06   +1.5677e-05   +2.7434e-04 
  +3.4018e-03   +3.4575e-02   +2.5358e-01   +1.0298e+00 
  +2.4514e+00   +4.3343e+00   +6.5613e+00   +9.0814e+00 
  +1.1862e+01   +1.4876e+01   +1.8105e+01   +2.1509e+01 
  +2.5060e+01   +2.8736e+01   +3.2518e+01   +3.6386e+01 
  +4.0327e+01   +4.4324e+01   +4.8366e+01   +5.2442e+01 
  +5.6542e+01   +6.0657e+01   +6.4780e+01   +6.8903e+01 
  +7.3020e+01   +7.7127e+01   +8.1218e+01   +8.5289e+01 
  +8.9336e+01   +9.3357e+01   +9.7347e+01   +1.0130e+02 
  +1.0523e+02   +1.0911e+02   +1.1295e+02   +1.1676e+02 
  +1.2051e+02   +1.2422e+02   +1.2789e+02   +1.3150e+02 
  +1.3505e+02   +1.3855e+02   +1.4199e+02   +1.4536e+02 
  +1.4866e+02   +1.5188e+02   +1.5501e+02   +1.5804e+02 
  +1.6096e+02   +1.6375e+02   +1.6638e+02   +1.6882e+02 
  +1.7105e+02   +1.7303e+02   +1.7475e+02   +1.7620e+02 
  +1.7740e+02   +1.7839e+02   +1.7919e+02   +1.7983e+02 
  +1.8034e+02   +1.8073e+02   +1.8101e+02   +1.8120e+02 
  +7.8383e-06   +2.3515e-05   +2.9002e-04   +3.5273e-03 
  +3.5751e-02   +2.6054e-01   +1.0490e+00   +2.4823e+00 
  +4.3746e+00   +6.6094e+00   +9.1363e+00   +1.1923e+01 
  +1.4943e+01   +1.8177e+01   +2.1585e+01   +2.5140e+01 
  +2.8820e+01   +3.2605e+01   +3.6477e+01   +4.0420e+01 
  +4.4421e+01   +4.8466e+01   +5.2545e+01   +5.6648e+01 
  +6.0766e+01   +6.4891e+01   +6.9018e+01   +7.3139e+01 
  +7.7249e+01   +8.1344e+01   +8.5419e+01   +8.9471e+01 
  +9.3496e+01   +9.7492e+01   +1.0146e+02   +1.0538e+02 
  +1.0928e+02   +1.1313e+02   +1.1694e+02   +1.2071e+02 
  +1.2443e+02   +1.2811e+02   +1.3174e+02   +1.3531e+02 
  +1.3883e+02   +1.4230e+02   +1.4570e+02   +1.4904e+02 
  +1.5231e+02   +1.5550e+02   +1.5860e+02   +1.6161e+02 
  +1.6450e+02   +1.6727e+02   +1.6988e+02   +1.7231e+02 
  +1.7454e+02   +1.7652e+02   +1.7824e+02   +1.7969e+02 
  +1.8089e+02   +1.8186e+02   +1.8265e+02   +1.8328e+02 
  +1.8378e+02   +1.8415e+02   +1.8441e+02   +0.0000e+00 
  +2.3515e-05   +2.9786e-04   +3.6527e-03   +3.6950e-02 
  +2.6762e-01   +1.0683e+00   +2.5134e+00   +4.4149e+00 
  +6.6573e+00   +9.1911e+00   +1.1984e+01   +1.5009e+01 
  +1.8248e+01   +2.1660e+01   +2.5220e+01   +2.8903e+01 
  +3.2691e+01   +3.6566e+01   +4.0512e+01   +4.4516e+01 
  +4.8564e+01   +5.2645e+01   +5.6751e+01   +6.0872e+01 
  +6.5000e+01   +6.9130e+01   +7.3254e+01   +7.7367e+01 
  +8.1465e+01   +8.5545e+01   +8.9601e+01   +9.3630e+01 
  +9.7631e+01   +1.0160e+02   +1.0553e+02   +1.0943e+02 
  +1.1329e+02   +1.1711e+02   +1.2089e+02   +1.2463e+02 
  +1.2832e+02   +1.3196e+02   +1.3555e+02   +1.3909e+02 
  +1.4258e+02   +1.4601e+02   +1.4938e+02   +1.5269e+02 
  +1.5592e+02   +1.5908e+02   +1.6216e+02   +1.6513e+02 
  +1.6800e+02   +1.7075e+02   +1.7334e+02   +1.7577e+02 
  +1.7798e+02   +1.7996e+02   +1.8168e+02   +1.8313e+02 
  +1.8433e+02   +1.8530e+02   +1.8608e+02   +1.8669e+02 
  +1.8717e+02   +1.8752e+02   +0.0000e+00   +7.8383e-06 
  +3.0570e-04   +3.7781e-03   +3.8173e-02   +2.7484e-01 
  +1.0877e+00   +2.5445e+00   +4.4551e+00   +6.7052e+00 
  +9.2456e+00   +1.2044e+01   +1.5075e+01   +1.8319e+01 
  +2.1735e+01   +2.5298e+01   +2.8985e+01   +3.2776e+01 
  +3.6654e+01   +4.0603e+01   +4.4609e+01   +4.8660e+01 
  +5.2744e+01   +5.6852e+01   +6.0976e+01   +6.5107e+01 
  +6.9239e+01   +7.3366e+01   +7.7482e+01   +8.1584e+01 
  +8.5666e+01   +8.9726e+01   +9.3760e+01   +9.7765e+01 
  +1.0174e+02   +1.0568e+02   +1.0958e+02   +1.1345e+02 
  +1.1728e+02   +1.2107e+02   +1.2481e+02   +1.2851e+02 
  +1.3217e+02   +1.3577e+02   +1.3933e+02   +1.4284e+02 
  +1.4629e+02   +1.4969e+02   +1.5302e+02   +1.5630e+02 
  +1.5950e+02   +1.6263e+02   +1.6567e+02   +1.6862e+02 
  +1.7147e+02   +1.7419e+02   +1.7677e+02   +1.7918e+02 
  +1.8138e+02   +1.8336e+02   +1.8508e+02   +1.8653e+02 
  +1.8772e+02   +1.8869e+02   +1.8945e+02   +1.9006e+02 
  +1.9052e+02   +0.0000e+00   +2.3515e-05   +3.2921e-04 
  +3.9348e-03   +3.9450e-02   +2.8220e-01   +1.1074e+00 
  +2.5757e+00   +4.4954e+00   +6.7530e+00   +9.3000e+00 
  +1.2105e+01   +1.5140e+01   +1.8389e+01   +2.1810e+01 
  +2.5376e+01   +2.9067e+01   +3.2861e+01   +3.6742e+01 
  +4.0693e+01   +4.4702e+01   +4.8755e+01   +5.2842e+01 
  +5.6952e+01   +6.1078e+01   +6.5211e+01   +6.9346e+01 
  +7.3475e+01   +7.7595e+01   +8.1699e+01   +8.5785e+01 
  +8.9848e+01   +9.3885e+01   +9.7894e+01   +1.0187e+02 
  +1.0582e+02   +1.0973e+02   +1.1360e+02   +1.1743e+02 
  +1.2123e+02   +1.2498e+02   +1.2869e+02   +1.3236e+02 
  +1.3598e+02   +1.3955e+02   +1.4307e+02   +1.4654e+02 
  +1.4996e+02   +1.5332e+02   +1.5663e+02   +1.5987e+02 
  +1.6304e+02   +1.6614e+02   +1.6915e+02   +1.7208e+02 
  +1.7490e+02   +1.7759e+02   +1.8015e+02   +1.8255e+02 
  +1.8475e+02   +1.8672e+02   +1.8843e+02   +1.8989e+02 
  +1.9108e+02   +1.9203e+02   +1.9279e+02   +1.9338e+02 
  +0.0000e+00   +3.9192e-05   +3.3705e-04   +4.0681e-03 
  +4.0752e-02   +2.8966e-01   +1.1271e+00   +2.6070e+00 
  +4.5357e+00   +6.8008e+00   +9.3542e+00   +1.2165e+01 
  +1.5206e+01   +1.8459e+01   +2.1883e+01   +2.5454e+01 
  +2.9147e+01   +3.2944e+01   +3.6828e+01   +4.0782e+01 
  +4.4793e+01   +4.8849e+01   +5.2938e+01   +5.7050e+01 
  +6.1178e+01   +6.5314e+01   +6.9451e+01   +7.3583e+01 
  +7.7705e+01   +8.1812e+01   +8.5900e+01   +8.9966e+01 
  +9.4007e+01   +9.8020e+01   +1.0200e+02   +1.0595e+02 
  +1.0987e+02   +1.1374e+02   +1.1758e+02   +1.2138e+02 
  +1.2515e+02   +1.2886e+02   +1.3254e+02   +1.3617e+02 
  +1.3975e+02   +1.4329e+02   +1.4678e+02   +1.5021e+02 
  +1.5360e+02   +1.5693e+02   +1.6020e+02   +1.6340e+02 
  +1.6654e+02   +1.6961e+02   +1.7259e+02   +1.7549e+02 
  +1.7828e+02   +1.8096e+02   +1.8350e+02   +1.8588e+02 
  +1.8807e+02   +1.9003e+02   +1.9175e+02   +1.9320e+02 
  +1.9439e+02   +1.9534e+02   +1.9608e+02   +0.0000e+00 
  +2.3515e-05   +3.4489e-04   +4.2092e-03   +4.2068e-02 
  +2.9728e-01   +1.1471e+00   +2.6383e+00   +4.5760e+00 
  +6.8484e+00   +9.4082e+00   +1.2224e+01   +1.5270e+01 
  +1.8528e+01   +2.1957e+01   +2.5530e+01   +2.9227e+01 
  +3.3027e+01   +3.6914e+01   +4.0870e+01   +4.4884e+01 
  +4.8941e+01   +5.3032e+01   +5.7147e+01   +6.1277e+01 
  +6.5415e+01   +6.9554e+01   +7.3688e+01   +7.7812e+01 
  +8.1922e+01   +8.6013e+01   +9.0081e+01   +9.4125e+01 
  +9.8141e+01   +1.0213e+02   +1.0608e+02   +1.1000e+02 
  +1.1388e+02   +1.1773e+02   +1.2153e+02   +1.2530e+02 
  +1.2903e+02   +1.3271e+02   +1.3635e+02   +1.3994e+02 
  +1.4349e+02   +1.4699e+02   +1.5044e+02   +1.5385e+02 
  +1.5720e+02   +1.6049e+02   +1.6373e+02   +1.6690e+02 
  +1.7001e+02   +1.7304e+02   +1.7600e+02   +1.7887e+02 
  +1.8164e+02   +1.8429e+02   +1.8681e+02   +1.8917e+02 
  +1.9135e+02   +1.9331e+02   +1.9502e+02   +1.9647e+02 
  +1.9766e+02   +1.9860e+02   +0.0000e+00   +2.3515e-05 
  +3.6056e-04   +4.3660e-03   +4.3440e-02   +3.0503e-01 
  +1.1672e+00   +2.6698e+00   +4.6163e+00   +6.8960e+00 
  +9.4622e+00   +1.2284e+01   +1.5335e+01   +1.8597e+01 
  +2.2030e+01   +2.5607e+01   +2.9306e+01   +3.3109e+01 
  +3.6998e+01   +4.0957e+01   +4.4973e+01   +4.9033e+01 
  +5.3126e+01   +5.7242e+01   +6.1375e+01   +6.5514e+01 
  +6.9655e+01   +7.3791e+01   +7.7917e+01   +8.2029e+01 
  +8.6122e+01   +9.0194e+01   +9.4240e+01   +9.8259e+01 
  +1.0225e+02   +1.0620e+02   +1.1013e+02   +1.1401e+02 
  +1.1786e+02   +1.2168e+02   +1.2545e+02   +1.2918e+02 
  +1.3287e+02   +1.3652e+02   +1.4012e+02   +1.4368e+02 
  +1.4719e+02   +1.5066e+02   +1.5408e+02   +1.5744e+02 
  +1.6076e+02   +1.6402e+02   +1.6722e+02   +1.7036e+02 
  +1.7344e+02   +1.7645e+02   +1.7937e+02   +1.8221e+02 
  +1.8496e+02   +1.8759e+02   +1.9009e+02   +1.9243e+02 
  +1.9459e+02   +1.9654e+02   +1.9825e+02   +1.9970e+02 
  +2.0089e+02   +0.0000e+00   +2.3515e-05   +3.6840e-04 
  +4.5070e-03   +4.4835e-02   +3.1289e-01   +1.1875e+00 
  +2.7014e+00   +4.6567e+00   +6.9436e+00   +9.5160e+00 
  +1.2343e+01   +1.5399e+01   +1.8666e+01   +2.2102e+01 
  +2.5682e+01   +2.9385e+01   +3.3191e+01   +3.7082e+01 
  +4.1044e+01   +4.5061e+01   +4.9123e+01   +5.3218e+01 
  +5.7337e+01   +6.1471e+01   +6.5612e+01   +6.9755e+01 
  +7.3893e+01   +7.8021e+01   +8.2135e+01   +8.6230e+01 
  +9.0304e+01   +9.4352e+01   +9.8374e+01   +1.0237e+02 
  +1.0632e+02   +1.1025e+02   +1.1414e+02   +1.1800e+02 
  +1.2181e+02   +1.2559e+02   +1.2933e+02   +1.3302e+02 
  +1.3668e+02   +1.4029e+02   +1.4386e+02   +1.4738e+02 
  +1.5086e+02   +1.5429e+02   +1.5767e+02   +1.6100e+02 
  +1.6428e+02   +1.6751e+02   +1.7068e+02   +1.7379e+02 
  +1.7683e+02   +1.7981e+02   +1.8271e+02   +1.8552e+02 
  +1.8824e+02   +1.9084e+02   +1.9332e+02   +1.9565e+02 
  +1.9780e+02   +1.9974e+02   +2.0145e+02   +2.0289e+02 
  +0.0000e+00   +3.9192e-05   +3.8408e-04   +4.6795e-03 
  +4.6285e-02   +3.2091e-01   +1.2079e+00   +2.7331e+00 
  +4.6971e+00   +6.9912e+00   +9.5697e+00   +1.2402e+01 
  +1.5464e+01   +1.8734e+01   +2.2174e+01   +2.5758e+01 
  +2.9463e+01   +3.3272e+01   +3.7165e+01   +4.1129e+01 
  +4.5149e+01   +4.9212e+01   +5.3309e+01   +5.7430e+01 
  +6.1565e+01   +6.5709e+01   +6.9853e+01   +7.3993e+01 
  +7.8123e+01   +8.2238e+01   +8.6336e+01   +9.0411e+01 
  +9.4462e+01   +9.8486e+01   +1.0248e+02   +1.0644e+02 
  +1.1037e+02   +1.1427e+02   +1.1812e+02   +1.2194e+02 
  +1.2572e+02   +1.2947e+02   +1.3317e+02   +1.3683e+02 
  +1.4045e+02   +1.4402e+02   +1.4756e+02   +1.5104e+02 
  +1.5449e+02   +1.5788e+02   +1.6123e+02   +1.6453e+02 
  +1.6777e+02   +1.7097e+02   +1.7410e+02   +1.7718e+02 
  +1.8020e+02   +1.8314e+02   +1.8601e+02   +1.8880e+02 
  +1.9149e+02   +1.9407e+02   +1.9653e+02   +1.9884e+02 
  +2.0097e+02   +2.0290e+02   +2.0460e+02   +7.8383e-06 
  +3.1353e-05   +3.9192e-04   +4.8284e-03   +4.7743e-02 
  +3.2906e-01   +1.2285e+00   +2.7649e+00   +4.7375e+00 
  +7.0387e+00   +9.6233e+00   +1.2461e+01   +1.5528e+01 
  +1.8802e+01   +2.2246e+01   +2.5833e+01   +2.9541e+01 
  +3.3352e+01   +3.7248e+01   +4.1214e+01   +4.5235e+01 
  +4.9301e+01   +5.3400e+01   +5.7522e+01   +6.1659e+01 
  +6.5804e+01   +6.9950e+01   +7.4091e+01   +7.8223e+01 
  +8.2340e+01   +8.6439e+01   +9.0517e+01   +9.4570e+01 
  +9.8595e+01   +1.0259e+02   +1.0656e+02   +1.1049e+02 
  +1.1439e+02   +1.1825e+02   +1.2207e+02   +1.2586e+02 
  +1.2960e+02   +1.3331e+02   +1.3698e+02   +1.4060e+02 
  +1.4418e+02   +1.4772e+02   +1.5122e+02   +1.5467e+02 
  +1.5808e+02   +1.6144e+02   +1.6475e+02   +1.6801e+02 
  +1.7123e+02   +1.7439e+02   +1.7749e+02   +1.8054e+02 
  +1.8352e+02   +1.8644e+02   +1.8928e+02   +1.9204e+02 
  +1.9470e+02   +1.9726e+02   +1.9970e+02   +2.0199e+02 
  +2.0411e+02   +2.0603e+02   +0.0000e+00   +2.3515e-05 
  +4.3111e-04   +4.9930e-03   +4.9264e-02   +3.3735e-01 
  +1.2493e+00   +2.7968e+00   +4.7780e+00   +7.0861e+00 
  +9.6768e+00   +1.2520e+01   +1.5591e+01   +1.8870e+01 
  +2.2317e+01   +2.5907e+01   +2.9618e+01   +3.3432e+01 
  +3.7330e+01   +4.1298e+01   +4.5321e+01   +4.9389e+01 
  +5.3489e+01   +5.7613e+01   +6.1752e+01   +6.5898e+01 
  +7.0045e+01   +7.4188e+01   +7.8321e+01   +8.2440e+01 
  +8.6541e+01   +9.0620e+01   +9.4675e+01   +9.8703e+01 
  +1.0270e+02   +1.0667e+02   +1.1060e+02   +1.1450e+02 
  +1.1837e+02   +1.2219e+02   +1.2598e+02   +1.2973e+02 
  +1.3344e+02   +1.3711e+02   +1.4075e+02   +1.4433e+02 
  +1.4788e+02   +1.5138e+02   +1.5485e+02   +1.5826e+02 
  +1.6163e+02   +1.6496e+02   +1.6824e+02   +1.7147e+02 
  +1.7465e+02   +1.7777e+02   +1.8085e+02   +1.8386e+02 
  +1.8681e+02   +1.8970e+02   +1.9251e+02   +1.9524e+02 
  +1.9788e+02   +2.0042e+02   +2.0283e+02   +2.0510e+02 
  +2.0721e+02   +0.0000e+00   +3.9192e-05   +4.3111e-04 
  +5.1733e-03   +5.0824e-02   +3.4580e-01   +1.2702e+00 
  +2.8288e+00   +4.8185e+00   +7.1336e+00   +9.7303e+00 
  +1.2579e+01   +1.5655e+01   +1.8938e+01   +2.2388e+01 
  +2.5981e+01   +2.9695e+01   +3.3511e+01   +3.7412e+01 
  +4.1381e+01   +4.5407e+01   +4.9476e+01   +5.3578e+01 
  +5.7703e+01   +6.1843e+01   +6.5991e+01   +7.0140e+01 
  +7.4284e+01   +7.8418e+01   +8.2539e+01   +8.6641e+01 
  +9.0722e+01   +9.4778e+01   +9.8808e+01   +1.0281e+02 
  +1.0678e+02   +1.1071e+02   +1.1462e+02   +1.1848e+02 
  +1.2231e+02   +1.2610e+02   +1.2986e+02   +1.3357e+02 
  +1.3725e+02   +1.4088e+02   +1.4448e+02   +1.4803e+02 
  +1.5154e+02   +1.5501e+02   +1.5844e+02   +1.6182e+02 
  +1.6515e+02   +1.6844e+02   +1.7169e+02   +1.7488e+02 
  +1.7803e+02   +1.8113e+02   +1.8417e+02   +1.8715e+02 
  +1.9007e+02   +1.9293e+02   +1.9571e+02   +1.9842e+02 
  +2.0103e+02   +2.0354e+02   +2.0593e+02   +2.0819e+02 
  +0.0000e+00   +2.3515e-05   +4.3895e-04   +5.3457e-03 
  +5.2407e-02   +3.5436e-01   +1.2913e+00   +2.8609e+00 
  +4.8590e+00   +7.1810e+00   +9.7837e+00   +1.2638e+01 
  +1.5718e+01   +1.9005e+01   +2.2459e+01   +2.6055e+01 
  +2.9772e+01   +3.3590e+01   +3.7493e+01   +4.1464e+01 
  +4.5492e+01   +4.9562e+01   +5.3666e+01   +5.7792e+01 
  +6.1934e+01   +6.6083e+01   +7.0233e+01   +7.4379e+01 
  +7.8514e+01   +8.2636e+01   +8.6740e+01   +9.0822e+01 
  +9.4880e+01   +9.8911e+01   +1.0291e+02   +1.0688e+02 
  +1.1082e+02   +1.1473e+02   +1.1860e+02   +1.2243e+02 
  +1.2622e+02   +1.2998e+02   +1.3370e+02   +1.3738e+02 
  +1.4102e+02   +1.4462e+02   +1.4817e+02   +1.5169e+02 
  +1.5517e+02   +1.5860e+02   +1.6199e+02   +1.6534e+02 
  +1.6864e+02   +1.7189e+02   +1.7510e+02   +1.7827e+02 
  +1.8138e+02   +1.8444e+02   +1.8745e+02   +1.9041e+02 
  +1.9330e+02   +1.9612e+02   +1.9888e+02   +2.0156e+02 
  +2.0415e+02   +2.0663e+02   +2.0900e+02   +0.0000e+00 
  +3.1353e-05   +4.8598e-04   +5.5339e-03   +5.4053e-02 
  +3.6309e-01   +1.3126e+00   +2.8931e+00   +4.8996e+00 
  +7.2284e+00   +9.8370e+00   +1.2696e+01   +1.5781e+01 
  +1.9072e+01   +2.2529e+01   +2.6128e+01   +2.9848e+01 
  +3.3668e+01   +3.7573e+01   +4.1547e+01   +4.5576e+01 
  +4.9648e+01   +5.3753e+01   +5.7881e+01   +6.2024e+01 
  +6.6174e+01   +7.0325e+01   +7.4472e+01   +7.8609e+01 
  +8.2732e+01   +8.6837e+01   +9.0920e+01   +9.4980e+01 
  +9.9012e+01   +1.0302e+02   +1.0699e+02   +1.1093e+02 
  +1.1483e+02   +1.1871e+02   +1.2254e+02   +1.2634e+02 
  +1.3010e+02   +1.3382e+02   +1.3750e+02   +1.4115e+02 
  +1.4475e+02   +1.4831e+02   +1.5183e+02   +1.5532e+02 
  +1.5875e+02   +1.6215e+02   +1.6551e+02   +1.6882e+02 
  +1.7209e+02   +1.7531e+02   +1.7849e+02   +1.8162e+02 
  +1.8470e+02   +1.8773e+02   +1.9071e+02   +1.9363e+02 
  +1.9649e+02   +1.9929e+02   +2.0202e+02   +2.0467e+02 
  +2.0723e+02   +2.0969e+02   +0.0000e+00   +4.7030e-05 
  +4.8598e-04   +5.7063e-03   +5.5746e-02   +3.7193e-01 
  +1.3340e+00   +2.9254e+00   +4.9402e+00   +7.2759e+00 
  +9.8903e+00   +1.2755e+01   +1.5844e+01   +1.9139e+01 
  +2.2599e+01   +2.6201e+01   +2.9923e+01   +3.3746e+01 
  +3.7653e+01   +4.1629e+01   +4.5659e+01   +4.9733e+01 
  +5.3839e+01   +5.7969e+01   +6.2113e+01   +6.6264e+01 
  +7.0417e+01   +7.4565e+01   +7.8703e+01   +8.2827e+01 
  +8.6933e+01   +9.1017e+01   +9.5078e+01   +9.9112e+01 
  +1.0312e+02   +1.0709e+02   +1.1103e+02   +1.1494e+02 
  +1.1881e+02   +1.2265e+02   +1.2645e+02   +1.3021e+02 
  +1.3394e+02   +1.3762e+02   +1.4127e+02   +1.4488e+02 
  +1.4845e+02   +1.5197e+02   +1.5546e+02   +1.5890e+02 
  +1.6231e+02   +1.6567e+02   +1.6899e+02   +1.7227e+02 
  +1.7550e+02   +1.7869e+02   +1.8183e+02   +1.8493e+02 
  +1.8798e+02   +1.9098e+02   +1.9393e+02   +1.9682e+02 
  +1.9965e+02   +2.0242e+02   +2.0512e+02   +2.0775e+02 
  +2.1028e+02   +0.0000e+00   +3.1353e-05   +5.0165e-04 
  +5.9258e-03   +5.7424e-02   +3.8094e-01   +1.3555e+00 
  +2.9578e+00   +4.9809e+00   +7.3233e+00   +9.9435e+00 
  +1.2813e+01   +1.5907e+01   +1.9205e+01   +2.2669e+01 
  +2.6274e+01   +2.9999e+01   +3.3824e+01   +3.7733e+01 
  +4.1710e+01   +4.5742e+01   +4.9817e+01   +5.3925e+01 
  +5.8056e+01   +6.2201e+01   +6.6354e+01   +7.0507e+01 
  +7.4656e+01   +7.8795e+01   +8.2920e+01   +8.7027e+01 
  +9.1113e+01   +9.5175e+01   +9.9210e+01   +1.0322e+02 
  +1.0719e+02   +1.1114e+02   +1.1505e+02   +1.1892e+02 
  +1.2276e+02   +1.2656e+02   +1.3033e+02   +1.3405e+02 
  +1.3774e+02   +1.4139e+02   +1.4500e+02   +1.4857e+02 
  +1.5210e+02   +1.5559e+02   +1.5905e+02   +1.6245e+02 
  +1.6582e+02   +1.6915e+02   +1.7244e+02   +1.7568e+02 
  +1.7888e+02   +1.8204e+02   +1.8515e+02   +1.8821e+02 
  +1.9123e+02   +1.9420e+02   +1.9712e+02   +1.9998e+02 
  +2.0278e+02   +2.0552e+02   +2.0820e+02   +2.1079e+02 
  +1.5677e-05   +4.7030e-05   +5.0165e-04   +6.0982e-03 
  +5.9195e-02   +3.9010e-01   +1.3773e+00   +2.9904e+00 
  +5.0216e+00   +7.3707e+00   +9.9966e+00   +1.2871e+01 
  +1.5970e+01   +1.9272e+01   +2.2739e+01   +2.6347e+01 
  +3.0074e+01   +3.3901e+01   +3.7812e+01   +4.1791e+01 
  +4.5825e+01   +4.9901e+01   +5.4010e+01   +5.8142e+01 
  +6.2289e+01   +6.6442e+01   +7.0597e+01   +7.4747e+01 
  +7.8887e+01   +8.3013e+01   +8.7121e+01   +9.1208e+01 
  +9.5271e+01   +9.9307e+01   +1.0331e+02   +1.0729e+02 
  +1.1124e+02   +1.1515e+02   +1.1902e+02   +1.2286e+02 
  +1.2667e+02   +1.3044e+02   +1.3417e+02   +1.3786e+02 
  +1.4151e+02   +1.4512e+02   +1.4870e+02   +1.5223e+02 
  +1.5573e+02   +1.5918e+02   +1.6260e+02   +1.6597e+02 
  +1.6930e+02   +1.7260e+02   +1.7585e+02   +1.7906e+02 
  +1.8223e+02   +1.8535e+02   +1.8843e+02   +1.9146e+02 
  +1.9445e+02   +1.9739e+02   +2.0027e+02   +2.0311e+02 
  +2.0588e+02   +2.0859e+02   +2.1124e+02   +0.0000e+00 
  +4.7030e-05   +5.1733e-04   +6.3020e-03   +6.0998e-02 
  +3.9939e-01   +1.3992e+00   +3.0230e+00   +5.0624e+00 
  +7.4182e+00   +1.0050e+01   +1.2929e+01   +1.6032e+01 
  +1.9338e+01   +2.2809e+01   +2.6419e+01   +3.0149e+01 
  +3.3978e+01   +3.7891e+01   +4.1871e+01   +4.5907e+01 
  +4.9985e+01   +5.4095e+01   +5.8228e+01   +6.2375e+01 
  +6.6530e+01   +7.0686e+01   +7.4837e+01   +7.8978e+01 
  +8.3104e+01   +8.7213e+01   +9.1301e+01   +9.5365e+01 
  +9.9402e+01   +1.0341e+02   +1.0739e+02   +1.1133e+02 
  +1.1525e+02   +1.1913e+02   +1.2297e+02   +1.2677e+02 
  +1.3054e+02   +1.3427e+02   +1.3797e+02   +1.4162e+02 
  +1.4524e+02   +1.4882e+02   +1.5235e+02   +1.5585e+02 
  +1.5931e+02   +1.6273e+02   +1.6611e+02   +1.6945e+02 
  +1.7275e+02   +1.7601e+02   +1.7923e+02   +1.8240e+02 
  +1.8554e+02   +1.8863e+02   +1.9168e+02   +1.9468e+02 
  +1.9763e+02   +2.0054e+02   +2.0340e+02   +2.0620e+02 
  +2.0895e+02   +2.1164e+02   +0.0000e+00   +6.2707e-05 
  +5.4868e-04   +6.5215e-03   +6.2848e-02   +4.0883e-01 
  +1.4213e+00   +3.0557e+00   +5.1032e+00   +7.4656e+00 
  +1.0103e+01   +1.2987e+01   +1.6095e+01   +1.9404e+01 
  +2.2878e+01   +2.6491e+01   +3.0223e+01   +3.4055e+01 
  +3.7969e+01   +4.1952e+01   +4.5988e+01   +5.0068e+01 
  +5.4179e+01   +5.8313e+01   +6.2462e+01   +6.6617e+01 
  +7.0774e+01   +7.4926e+01   +7.9067e+01   +8.3195e+01 
  +8.7305e+01   +9.1394e+01   +9.5458e+01   +9.9497e+01 
  +1.0351e+02   +1.0749e+02   +1.1143e+02   +1.1535e+02 
  +1.1923e+02   +1.2307e+02   +1.2688e+02   +1.3065e+02 
  +1.3438e+02   +1.3808e+02   +1.4173e+02   +1.4535e+02 
  +1.4893e+02   +1.5247e+02   +1.5598e+02   +1.5944e+02 
  +1.6286e+02   +1.6625e+02   +1.6959e+02   +1.7290e+02 
  +1.7616e+02   +1.7939e+02   +1.8257e+02   +1.8571e+02 
  +1.8882e+02   +1.9187e+02   +1.9489e+02   +1.9786e+02 
  +2.0079e+02   +2.0367e+02   +2.0649e+02   +2.0927e+02 
  +2.1199e+02   +1.5677e-05   +4.7030e-05   +5.8004e-04 
  +6.7410e-03   +6.4760e-02   +4.1841e-01   +1.4435e+00 
  +3.0886e+00   +5.1441e+00   +7.5131e+00   +1.0156e+01 
  +1.3045e+01   +1.6157e+01   +1.9470e+01   +2.2947e+01 
  +2.6563e+01   +3.0297e+01   +3.4131e+01   +3.8047e+01 
  +4.2031e+01   +4.6070e+01   +5.0150e+01   +5.4263e+01 
  +5.8398e+01   +6.2547e+01   +6.6704e+01   +7.0861e+01 
  +7.5014e+01   +7.9157e+01   +8.3285e+01   +8.7396e+01 
  +9.1485e+01   +9.5551e+01   +9.9590e+01   +1.0360e+02 
  +1.0758e+02   +1.1153e+02   +1.1544e+02   +1.1932e+02 
  +1.2317e+02   +1.2698e+02   +1.3075e+02   +1.3448e+02 
  +1.3818e+02   +1.4184e+02   +1.4546e+02   +1.4905e+02 
  +1.5259e+02   +1.5609e+02   +1.5956e+02   +1.6299e+02 
  +1.6638e+02   +1.6973e+02   +1.7304e+02   +1.7631e+02 
  +1.7954e+02   +1.8273e+02   +1.8588e+02   +1.8899e+02 
  +1.9206e+02   +1.9509e+02   +1.9807e+02   +2.0102e+02 
  +2.0391e+02   +2.0676e+02   +2.0956e+02   +2.1231e+02 
  +1.5677e-05   +1.5677e-05   +5.8004e-04   +6.9448e-03 
  +6.6673e-02   +4.2816e-01   +1.4659e+00   +3.1216e+00 
  +5.1851e+00   +7.5605e+00   +1.0209e+01   +1.3103e+01 
  +1.6219e+01   +1.9536e+01   +2.3016e+01   +2.6635e+01 
  +3.0371e+01   +3.4207e+01   +3.8125e+01   +4.2111e+01 
  +4.6150e+01   +5.0232e+01   +5.4346e+01   +5.8482e+01 
  +6.2633e+01   +6.6790e+01   +7.0948e+01   +7.5101e+01 
  +7.9245e+01   +8.3374e+01   +8.7486e+01   +9.1576e+01 
  +9.5642e+01   +9.9682e+01   +1.0369e+02   +1.0767e+02 
  +1.1162e+02   +1.1554e+02   +1.1942e+02   +1.2327e+02 
  +1.2708e+02   +1.3085e+02   +1.3459e+02   +1.3829e+02 
  +1.4195e+02   +1.4557e+02   +1.4916e+02   +1.5270e+02 
  +1.5621e+02   +1.5968e+02   +1.6311e+02   +1.6650e+02 
  +1.6986e+02   +1.7317e+02   +1.7645e+02   +1.7968e+02 
  +1.8288e+02   +1.8604e+02   +1.8916e+02   +1.9224e+02 
  +1.9528e+02   +1.9827e+02   +2.0123e+02   +2.0414e+02 
  +2.0700e+02   +2.0982e+02   +2.1259e+02   +0.0000e+00 
  +4.7030e-05   +6.1139e-04   +7.1799e-03   +6.8664e-02 
  +4.3805e-01   +1.4885e+00   +3.1546e+00   +5.2261e+00 
  +7.6080e+00   +1.0262e+01   +1.3161e+01   +1.6281e+01 
  +1.9602e+01   +2.3085e+01   +2.6706e+01   +3.0445e+01 
  +3.4283e+01   +3.8203e+01   +4.2190e+01   +4.6231e+01 
  +5.0314e+01   +5.4429e+01   +5.8566e+01   +6.2717e+01 
  +6.6876e+01   +7.1035e+01   +7.5188e+01   +7.9333e+01 
  +8.3463e+01   +8.7575e+01   +9.1665e+01   +9.5732e+01 
  +9.9773e+01   +1.0378e+02   +1.0777e+02   +1.1172e+02 
  +1.1563e+02   +1.1952e+02   +1.2336e+02   +1.2717e+02 
  +1.3095e+02   +1.3469e+02   +1.3839e+02   +1.4205e+02 
  +1.4568e+02   +1.4926e+02   +1.5281e+02   +1.5632e+02 
  +1.5979e+02   +1.6323e+02   +1.6662e+02   +1.6998e+02 
  +1.7330e+02   +1.7658e+02   +1.7982e+02   +1.8303e+02 
  +1.8619e+02   +1.8932e+02   +1.9240e+02   +1.9545e+02 
  +1.9846e+02   +2.0142e+02   +2.0435e+02   +2.0723e+02 
  +2.1007e+02   +2.1286e+02 
